POTENTIAL AA

arg         target      
3.2516e-02  1.6024e+00  
8.2440e-02  9.8148e+00  
1.3236e-01  2.7141e+01  
1.8229e-01  5.9189e+01  
2.3221e-01  1.0255e+02  
2.8214e-01  1.8137e+02  
3.3206e-01  2.9234e+02  
3.8199e-01  4.4988e+02  
4.3191e-01  6.9064e+02  
4.8184e-01  1.0369e+03  
5.3176e-01  1.5177e+03  
5.8169e-01  2.1736e+03  
6.3161e-01  3.0099e+03  
6.8153e-01  4.0826e+03  
7.3146e-01  5.3912e+03  
7.8138e-01  6.9150e+03  
8.3131e-01  8.6602e+03  
8.8123e-01  1.0697e+04  
9.3116e-01  1.2870e+04  
9.8108e-01  1.5085e+04  
1.0310e+00  1.7256e+04  
1.0809e+00  1.9603e+04  
1.1309e+00  2.1830e+04  
1.1808e+00  2.3926e+04  
1.2307e+00  2.5932e+04  
1.2806e+00  2.7913e+04  
1.3306e+00  2.9831e+04  
1.3805e+00  3.1827e+04  
1.4304e+00  3.3648e+04  
1.4803e+00  3.5601e+04  
1.5303e+00  3.7725e+04  
1.5802e+00  3.9693e+04  
1.6301e+00  4.1869e+04  
1.6800e+00  4.4070e+04  
1.7299e+00  4.6507e+04  
1.7799e+00  4.9079e+04  
1.8298e+00  5.1708e+04  
1.8797e+00  5.4743e+04  
1.9296e+00  5.7574e+04  
1.9796e+00  6.0723e+04  
2.0295e+00  6.3952e+04  
2.0794e+00  6.7204e+04  
2.1293e+00  7.0662e+04  
2.1793e+00  7.4093e+04  
2.2292e+00  7.7797e+04  
2.2791e+00  8.1058e+04  
2.3290e+00  8.4968e+04  
2.3790e+00  8.8493e+04  
2.4289e+00  9.2501e+04  
2.4788e+00  9.6238e+04  
2.5287e+00  1.0006e+05  
2.5787e+00  1.0412e+05  
2.6286e+00  1.0800e+05  
2.6785e+00  1.1186e+05  
2.7284e+00  1.1616e+05  
2.7784e+00  1.2019e+05  
2.8283e+00  1.2433e+05  
2.8782e+00  1.2861e+05  
2.9281e+00  1.3314e+05  
2.9781e+00  1.3742e+05  
3.0280e+00  1.4196e+05  
3.0779e+00  1.4649e+05  
3.1278e+00  1.5110e+05  
3.1778e+00  1.5597e+05  
3.2277e+00  1.6074e+05  
3.2776e+00  1.6574e+05  
3.3275e+00  1.7056e+05  
3.3775e+00  1.7578e+05  
3.4274e+00  1.8065e+05  
3.4773e+00  1.8609e+05  
3.5272e+00  1.9119e+05  
3.5772e+00  1.9639e+05  
3.6271e+00  2.0177e+05  
3.6770e+00  2.0736e+05  
3.7269e+00  2.1272e+05  
3.7769e+00  2.1811e+05  
3.8268e+00  2.2375e+05  
3.8767e+00  2.2935e+05  
3.9266e+00  2.3515e+05  
3.9766e+00  2.4117e+05  
4.0265e+00  2.4709e+05  
4.0764e+00  2.5307e+05  
4.1263e+00  2.5855e+05  
4.1763e+00  2.6478e+05  
4.2262e+00  2.7093e+05  
4.2761e+00  2.7716e+05  
4.3260e+00  2.8307e+05  
4.3759e+00  2.8957e+05  
4.4259e+00  2.9598e+05  
4.4758e+00  3.0203e+05  
4.5257e+00  3.0875e+05  
4.5756e+00  3.1520e+05  
4.6256e+00  3.2186e+05  
4.6755e+00  3.2805e+05  
4.7254e+00  3.3504e+05  
4.7753e+00  3.4128e+05  
4.8253e+00  3.4891e+05  
4.8752e+00  3.5533e+05  
4.9251e+00  3.6238e+05  
4.9750e+00  3.6947e+05  

POTENTIAL BB

arg         target      
4.6816e-02  2.6114e+00  
9.6596e-02  1.1450e+01  
1.4638e-01  2.6818e+01  
1.9616e-01  5.4840e+01  
2.4594e-01  9.5217e+01  
2.9572e-01  1.6161e+02  
3.4550e-01  2.7069e+02  
3.9528e-01  4.3089e+02  
4.4506e-01  6.5909e+02  
4.9484e-01  9.6925e+02  
5.4462e-01  1.4020e+03  
5.9440e-01  1.9862e+03  
6.4419e-01  2.8068e+03  
6.9397e-01  3.8280e+03  
7.4375e-01  5.0602e+03  
7.9353e-01  6.5422e+03  
8.4331e-01  8.2444e+03  
8.9309e-01  1.0108e+04  
9.4287e-01  1.2173e+04  
9.9265e-01  1.4214e+04  
1.0424e+00  1.6389e+04  
1.0922e+00  1.8484e+04  
1.1420e+00  2.0614e+04  
1.1918e+00  2.2664e+04  
1.2416e+00  2.4570e+04  
1.2913e+00  2.6482e+04  
1.3411e+00  2.8220e+04  
1.3909e+00  2.9913e+04  
1.4407e+00  3.1786e+04  
1.4905e+00  3.3508e+04  
1.5402e+00  3.5439e+04  
1.5900e+00  3.7268e+04  
1.6398e+00  3.9275e+04  
1.6896e+00  4.1289e+04  
1.7394e+00  4.3677e+04  
1.7891e+00  4.6045e+04  
1.8389e+00  4.8413e+04  
1.8887e+00  5.1058e+04  
1.9385e+00  5.3914e+04  
1.9883e+00  5.6811e+04  
2.0380e+00  5.9736e+04  
2.0878e+00  6.2873e+04  
2.1376e+00  6.5884e+04  
2.1874e+00  6.9144e+04  
2.2372e+00  7.2553e+04  
2.2870e+00  7.5865e+04  
2.3367e+00  7.9438e+04  
2.3865e+00  8.2741e+04  
2.4363e+00  8.6223e+04  
2.4861e+00  9.0013e+04  
2.5359e+00  9.3444e+04  
2.5856e+00  9.7093e+04  
2.6354e+00  1.0073e+05  
2.6852e+00  1.0455e+05  
2.7350e+00  1.0824e+05  
2.7848e+00  1.1211e+05  
2.8345e+00  1.1603e+05  
2.8843e+00  1.2014e+05  
2.9341e+00  1.2422e+05  
2.9839e+00  1.2804e+05  
3.0337e+00  1.3261e+05  
3.0834e+00  1.3658e+05  
3.1332e+00  1.4104e+05  
3.1830e+00  1.4528e+05  
3.2328e+00  1.4991e+05  
3.2826e+00  1.5439e+05  
3.3323e+00  1.5909e+05  
3.3821e+00  1.6396e+05  
3.4319e+00  1.6873e+05  
3.4817e+00  1.7346e+05  
3.5315e+00  1.7825e+05  
3.5813e+00  1.8313e+05  
3.6310e+00  1.8843e+05  
3.6808e+00  1.9324e+05  
3.7306e+00  1.9854e+05  
3.7804e+00  2.0363e+05  
3.8302e+00  2.0874e+05  
3.8799e+00  2.1407e+05  
3.9297e+00  2.1941e+05  
3.9795e+00  2.2507e+05  
4.0293e+00  2.3035e+05  
4.0791e+00  2.3582e+05  
4.1288e+00  2.4140e+05  
4.1786e+00  2.4713e+05  
4.2284e+00  2.5254e+05  
4.2782e+00  2.5873e+05  
4.3280e+00  2.6438e+05  
4.3777e+00  2.7040e+05  
4.4275e+00  2.7633e+05  
4.4773e+00  2.8201e+05  
4.5271e+00  2.8850e+05  
4.5769e+00  2.9458e+05  
4.6266e+00  3.0073e+05  
4.6764e+00  3.0672e+05  
4.7262e+00  3.1321e+05  
4.7760e+00  3.1942e+05  
4.8258e+00  3.2590e+05  
4.8756e+00  3.3231e+05  
4.9253e+00  3.3853e+05  
4.9751e+00  3.4520e+05  

POTENTIAL AB

arg         target      
4.2360e-02  2.2077e+00  
9.2186e-02  8.4294e+00  
1.4201e-01  2.6191e+01  
1.9184e-01  4.6562e+01  
2.4166e-01  7.9176e+01  
2.9149e-01  1.4119e+02  
3.4131e-01  2.2218e+02  
3.9114e-01  3.5404e+02  
4.4096e-01  5.3808e+02  
4.9079e-01  8.0240e+02  
5.4062e-01  1.1582e+03  
5.9044e-01  1.6538e+03  
6.4027e-01  2.3330e+03  
6.9009e-01  3.1189e+03  
7.3992e-01  4.1324e+03  
7.8974e-01  5.3284e+03  
8.3957e-01  6.7459e+03  
8.8939e-01  8.2535e+03  
9.3922e-01  9.9054e+03  
9.8905e-01  1.1663e+04  
1.0389e+00  1.3437e+04  
1.0887e+00  1.5130e+04  
1.1385e+00  1.6902e+04  
1.1883e+00  1.8643e+04  
1.2382e+00  2.0081e+04  
1.2880e+00  2.1544e+04  
1.3378e+00  2.3152e+04  
1.3877e+00  2.4731e+04  
1.4375e+00  2.6150e+04  
1.4873e+00  2.7782e+04  
1.5371e+00  2.9221e+04  
1.5870e+00  3.0774e+04  
1.6368e+00  3.2585e+04  
1.6866e+00  3.4283e+04  
1.7364e+00  3.6273e+04  
1.7863e+00  3.8364e+04  
1.8361e+00  4.0485e+04  
1.8859e+00  4.2790e+04  
1.9357e+00  4.5166e+04  
1.9856e+00  4.7575e+04  
2.0354e+00  5.0175e+04  
2.0852e+00  5.2885e+04  
2.1350e+00  5.5534e+04  
2.1849e+00  5.8557e+04  
2.2347e+00  6.1330e+04  
2.2845e+00  6.4333e+04  
2.3343e+00  6.7386e+04  
2.3842e+00  7.0404e+04  
2.4340e+00  7.3573e+04  
2.4838e+00  7.6673e+04  
2.5336e+00  7.9803e+04  
2.5835e+00  8.3222e+04  
2.6333e+00  8.6578e+04  
2.6831e+00  8.9798e+04  
2.7329e+00  9.3269e+04  
2.7828e+00  9.6996e+04  
2.8326e+00  1.0051e+05  
2.8824e+00  1.0408e+05  
2.9322e+00  1.0800e+05  
2.9821e+00  1.1184e+05  
3.0319e+00  1.1582e+05  
3.0817e+00  1.1989e+05  
3.1315e+00  1.2407e+05  
3.1814e+00  1.2790e+05  
3.2312e+00  1.3242e+05  
3.2810e+00  1.3646e+05  
3.3308e+00  1.4129e+05  
3.3807e+00  1.4558e+05  
3.4305e+00  1.5026e+05  
3.4803e+00  1.5477e+05  
3.5302e+00  1.5968e+05  
3.5800e+00  1.6469e+05  
3.6298e+00  1.6962e+05  
3.6796e+00  1.7483e+05  
3.7295e+00  1.7972e+05  
3.7793e+00  1.8476e+05  
3.8291e+00  1.9016e+05  
3.8789e+00  1.9546e+05  
3.9288e+00  2.0071e+05  
3.9786e+00  2.0641e+05  
4.0284e+00  2.1217e+05  
4.0782e+00  2.1770e+05  
4.1281e+00  2.2353e+05  
4.1779e+00  2.2952e+05  
4.2277e+00  2.3535e+05  
4.2775e+00  2.4162e+05  
4.3274e+00  2.4764e+05  
4.3772e+00  2.5379e+05  
4.4270e+00  2.6008e+05  
4.4768e+00  2.6670e+05  
4.5267e+00  2.7334e+05  
4.5765e+00  2.8025e+05  
4.6263e+00  2.8656e+05  
4.6761e+00  2.9355e+05  
4.7260e+00  3.0063e+05  
4.7758e+00  3.0747e+05  
4.8256e+00  3.1471e+05  
4.8754e+00  3.2191e+05  
4.9253e+00  3.2953e+05  
4.9751e+00  3.3683e+05  

POTENTIAL Uext

arg         target      
-1.4850e+01 1.1020e+02  
-1.4550e+01 1.1968e+02  
-1.4250e+01 1.2762e+02  
-1.3950e+01 1.3810e+02  
-1.3650e+01 1.4512e+02  
-1.3350e+01 1.5260e+02  
-1.3050e+01 1.6263e+02  
-1.2750e+01 1.7017e+02  
-1.2450e+01 1.7752e+02  
-1.2150e+01 1.8122e+02  
-1.1850e+01 1.8738e+02  
-1.1550e+01 1.9027e+02  
-1.1250e+01 1.9878e+02  
-1.0950e+01 2.0275e+02  
-1.0650e+01 2.0408e+02  
-1.0350e+01 2.0837e+02  
-1.0050e+01 2.1278e+02  
-9.7499e+00 2.1347e+02  
-9.4499e+00 2.1533e+02  
-9.1499e+00 2.1548e+02  
-8.8499e+00 2.2150e+02  
-8.5499e+00 2.1927e+02  
-8.2499e+00 2.1788e+02  
-7.9499e+00 2.2100e+02  
-7.6499e+00 2.2408e+02  
-7.3499e+00 2.2100e+02  
-7.0499e+00 2.1893e+02  
-6.7499e+00 2.2217e+02  
-6.4499e+00 2.2112e+02  
-6.1499e+00 2.2112e+02  
-5.8499e+00 2.1460e+02  
-5.5499e+00 2.1610e+02  
-5.2500e+00 2.1618e+02  
-4.9500e+00 2.1003e+02  
-4.6500e+00 2.1083e+02  
-4.3500e+00 2.0188e+02  
-4.0500e+00 2.0052e+02  
-3.7500e+00 1.9938e+02  
-3.4500e+00 1.9398e+02  
-3.1500e+00 1.8748e+02  
-2.8500e+00 1.8372e+02  
-2.5500e+00 1.7543e+02  
-2.2500e+00 1.6880e+02  
-1.9500e+00 1.6127e+02  
-1.6500e+00 1.5340e+02  
-1.3500e+00 1.4422e+02  
-1.0500e+00 1.3870e+02  
-7.4996e-01 1.2773e+02  
-4.4996e-01 1.2020e+02  
-1.4996e-01 1.0910e+02  
1.5004e-01  9.9267e+01  
4.5004e-01  9.1500e+01  
7.5004e-01  8.2467e+01  
1.0500e+00  7.6200e+01  
1.3500e+00  6.8133e+01  
1.6500e+00  6.0267e+01  
1.9500e+00  5.4067e+01  
2.2500e+00  4.9450e+01  
2.5500e+00  4.5150e+01  
2.8500e+00  3.8183e+01  
3.1500e+00  3.4917e+01  
3.4500e+00  3.1900e+01  
3.7500e+00  2.9717e+01  
4.0500e+00  2.6133e+01  
4.3500e+00  2.4833e+01  
4.6500e+00  2.2483e+01  
4.9500e+00  2.0083e+01  
5.2500e+00  1.9567e+01  
5.5500e+00  1.8000e+01  
5.8500e+00  1.7500e+01  
6.1500e+00  1.6333e+01  
6.4500e+00  1.5950e+01  
6.7500e+00  1.5250e+01  
7.0500e+00  1.5133e+01  
7.3500e+00  1.4733e+01  
7.6500e+00  1.5133e+01  
7.9500e+00  1.4933e+01  
8.2500e+00  1.5533e+01  
8.5500e+00  1.5783e+01  
8.8500e+00  1.6167e+01  
9.1500e+00  1.7133e+01  
9.4500e+00  1.8850e+01  
9.7500e+00  1.9417e+01  
1.0050e+01  1.9733e+01  
1.0350e+01  2.0917e+01  
1.0650e+01  2.3583e+01  
1.0950e+01  2.6583e+01  
1.1250e+01  2.9283e+01  
1.1550e+01  3.2717e+01  
1.1850e+01  3.3800e+01  
1.2150e+01  3.9233e+01  
1.2450e+01  4.3700e+01  
1.2750e+01  5.0150e+01  
1.3050e+01  5.5417e+01  
1.3350e+01  6.1250e+01  
1.3650e+01  6.5283e+01  
1.3950e+01  7.4950e+01  
1.4250e+01  8.4384e+01  
1.4550e+01  9.2584e+01  
1.4850e+01  1.0108e+02  
