POTENTIAL AA

arg         target      
5.0005e-02  2.4121e+00  
9.9754e-02  9.6485e+00  
1.4950e-01  2.2312e+01  
1.9925e-01  4.7639e+01  
2.4900e-01  8.2414e+01  
2.9875e-01  1.3659e+02  
3.4850e-01  2.1769e+02  
3.9825e-01  3.4333e+02  
4.4800e-01  5.2021e+02  
4.9774e-01  7.7912e+02  
5.4749e-01  1.1336e+03  
5.9724e-01  1.6105e+03  
6.4699e-01  2.2069e+03  
6.9674e-01  2.9895e+03  
7.4649e-01  3.9681e+03  
7.9624e-01  5.0276e+03  
8.4599e-01  6.3586e+03  
8.9573e-01  7.7704e+03  
9.4548e-01  9.2346e+03  
9.9523e-01  1.0808e+04  
1.0450e+00  1.2397e+04  
1.0947e+00  1.3993e+04  
1.1445e+00  1.5541e+04  
1.1942e+00  1.6949e+04  
1.2440e+00  1.8406e+04  
1.2937e+00  1.9772e+04  
1.3435e+00  2.1088e+04  
1.3932e+00  2.2522e+04  
1.4430e+00  2.3783e+04  
1.4927e+00  2.5093e+04  
1.5425e+00  2.6465e+04  
1.5922e+00  2.8049e+04  
1.6420e+00  2.9515e+04  
1.6917e+00  3.1058e+04  
1.7415e+00  3.2873e+04  
1.7912e+00  3.4552e+04  
1.8410e+00  3.6399e+04  
1.8907e+00  3.8487e+04  
1.9405e+00  4.0608e+04  
1.9902e+00  4.2809e+04  
2.0400e+00  4.5027e+04  
2.0897e+00  4.7359e+04  
2.1395e+00  4.9672e+04  
2.1892e+00  5.2239e+04  
2.2389e+00  5.4936e+04  
2.2887e+00  5.7283e+04  
2.3384e+00  5.9888e+04  
2.3882e+00  6.2547e+04  
2.4379e+00  6.5216e+04  
2.4877e+00  6.7881e+04  
2.5374e+00  7.0637e+04  
2.5872e+00  7.3502e+04  
2.6369e+00  7.6436e+04  
2.6867e+00  7.9281e+04  
2.7364e+00  8.2081e+04  
2.7862e+00  8.4961e+04  
2.8359e+00  8.7997e+04  
2.8857e+00  9.1176e+04  
2.9354e+00  9.4391e+04  
2.9852e+00  9.7340e+04  
3.0349e+00  1.0067e+05  
3.0847e+00  1.0404e+05  
3.1344e+00  1.0710e+05  
3.1842e+00  1.1074e+05  
3.2339e+00  1.1418e+05  
3.2837e+00  1.1758e+05  
3.3334e+00  1.2126e+05  
3.3832e+00  1.2488e+05  
3.4329e+00  1.2871e+05  
3.4827e+00  1.3248e+05  
3.5324e+00  1.3642e+05  
3.5822e+00  1.4011e+05  
3.6319e+00  1.4406e+05  
3.6817e+00  1.4820e+05  
3.7314e+00  1.5199e+05  
3.7812e+00  1.5609e+05  
3.8309e+00  1.6019e+05  
3.8807e+00  1.6443e+05  
3.9304e+00  1.6874e+05  
3.9802e+00  1.7283e+05  
4.0299e+00  1.7746e+05  
4.0797e+00  1.8167e+05  
4.1294e+00  1.8616e+05  
4.1792e+00  1.9064e+05  
4.2289e+00  1.9508e+05  
4.2786e+00  1.9972e+05  
4.3284e+00  2.0423e+05  
4.3781e+00  2.0908e+05  
4.4279e+00  2.1379e+05  
4.4776e+00  2.1853e+05  
4.5274e+00  2.2328e+05  
4.5771e+00  2.2842e+05  
4.6269e+00  2.3341e+05  
4.6766e+00  2.3845e+05  
4.7264e+00  2.4348e+05  
4.7761e+00  2.4860e+05  
4.8259e+00  2.5380e+05  
4.8756e+00  2.5924e+05  
4.9254e+00  2.6418e+05  
4.9751e+00  2.6941e+05  

POTENTIAL BB

arg         target      
5.4668e-02  2.6156e+00  
1.0437e-01  1.0060e+01  
1.5407e-01  2.5251e+01  
2.0377e-01  4.8489e+01  
2.5348e-01  8.3800e+01  
3.0318e-01  1.4175e+02  
3.5288e-01  2.2333e+02  
4.0258e-01  3.4808e+02  
4.5228e-01  5.3439e+02  
5.0198e-01  7.8327e+02  
5.5169e-01  1.1483e+03  
6.0139e-01  1.6055e+03  
6.5109e-01  2.2351e+03  
7.0079e-01  3.0412e+03  
7.5049e-01  4.0221e+03  
8.0020e-01  5.0692e+03  
8.4990e-01  6.4040e+03  
8.9960e-01  7.8081e+03  
9.4930e-01  9.3076e+03  
9.9900e-01  1.0853e+04  
1.0487e+00  1.2432e+04  
1.0984e+00  1.3918e+04  
1.1481e+00  1.5558e+04  
1.1978e+00  1.7056e+04  
1.2475e+00  1.8413e+04  
1.2972e+00  1.9706e+04  
1.3469e+00  2.1111e+04  
1.3966e+00  2.2450e+04  
1.4463e+00  2.3740e+04  
1.4960e+00  2.5073e+04  
1.5457e+00  2.6581e+04  
1.5954e+00  2.7876e+04  
1.6451e+00  2.9454e+04  
1.6948e+00  3.0968e+04  
1.7445e+00  3.2661e+04  
1.7942e+00  3.4502e+04  
1.8439e+00  3.6457e+04  
1.8936e+00  3.8423e+04  
1.9433e+00  4.0400e+04  
1.9930e+00  4.2600e+04  
2.0427e+00  4.5068e+04  
2.0924e+00  4.7313e+04  
2.1421e+00  4.9544e+04  
2.1918e+00  5.2122e+04  
2.2416e+00  5.4488e+04  
2.2913e+00  5.7098e+04  
2.3410e+00  5.9632e+04  
2.3907e+00  6.2380e+04  
2.4404e+00  6.5020e+04  
2.4901e+00  6.7594e+04  
2.5398e+00  7.0419e+04  
2.5895e+00  7.3078e+04  
2.6392e+00  7.6094e+04  
2.6889e+00  7.8796e+04  
2.7386e+00  8.1767e+04  
2.7883e+00  8.4700e+04  
2.8380e+00  8.7859e+04  
2.8877e+00  9.0700e+04  
2.9374e+00  9.3687e+04  
2.9871e+00  9.6892e+04  
3.0368e+00  1.0044e+05  
3.0865e+00  1.0345e+05  
3.1362e+00  1.0671e+05  
3.1859e+00  1.1013e+05  
3.2356e+00  1.1356e+05  
3.2853e+00  1.1732e+05  
3.3350e+00  1.2077e+05  
3.3847e+00  1.2438e+05  
3.4344e+00  1.2817e+05  
3.4841e+00  1.3190e+05  
3.5338e+00  1.3570e+05  
3.5835e+00  1.3933e+05  
3.6332e+00  1.4360e+05  
3.6829e+00  1.4723e+05  
3.7326e+00  1.5155e+05  
3.7823e+00  1.5542e+05  
3.8320e+00  1.5926e+05  
3.8817e+00  1.6374e+05  
3.9314e+00  1.6790e+05  
3.9811e+00  1.7217e+05  
4.0308e+00  1.7637e+05  
4.0805e+00  1.8067e+05  
4.1302e+00  1.8511e+05  
4.1799e+00  1.8960e+05  
4.2296e+00  1.9407e+05  
4.2793e+00  1.9899e+05  
4.3290e+00  2.0312e+05  
4.3787e+00  2.0802e+05  
4.4284e+00  2.1288e+05  
4.4781e+00  2.1750e+05  
4.5278e+00  2.2245e+05  
4.5775e+00  2.2730e+05  
4.6272e+00  2.3223e+05  
4.6769e+00  2.3743e+05  
4.7266e+00  2.4217e+05  
4.7763e+00  2.4734e+05  
4.8260e+00  2.5250e+05  
4.8758e+00  2.5789e+05  
4.9255e+00  2.6300e+05  
4.9752e+00  2.6837e+05  

POTENTIAL AB

arg         target      
4.8696e-02  4.3206e+00  
9.8458e-02  1.8589e+01  
1.4822e-01  4.5115e+01  
1.9798e-01  8.5507e+01  
2.4774e-01  1.5373e+02  
2.9751e-01  2.4798e+02  
3.4727e-01  4.1427e+02  
3.9703e-01  6.4236e+02  
4.4679e-01  9.6942e+02  
4.9655e-01  1.4373e+03  
5.4631e-01  2.0561e+03  
5.9608e-01  2.9440e+03  
6.4584e-01  4.1161e+03  
6.9560e-01  5.5575e+03  
7.4536e-01  7.2942e+03  
7.9512e-01  9.3852e+03  
8.4489e-01  1.1836e+04  
8.9465e-01  1.4429e+04  
9.4441e-01  1.7335e+04  
9.9417e-01  2.0252e+04  
1.0439e+00  2.3201e+04  
1.0937e+00  2.6108e+04  
1.1435e+00  2.9099e+04  
1.1932e+00  3.1895e+04  
1.2430e+00  3.4521e+04  
1.2927e+00  3.7136e+04  
1.3425e+00  3.9677e+04  
1.3923e+00  4.2284e+04  
1.4420e+00  4.4739e+04  
1.4918e+00  4.7121e+04  
1.5416e+00  4.9884e+04  
1.5913e+00  5.2586e+04  
1.6411e+00  5.5459e+04  
1.6908e+00  5.8422e+04  
1.7406e+00  6.1541e+04  
1.7904e+00  6.5081e+04  
1.8401e+00  6.8756e+04  
1.8899e+00  7.2404e+04  
1.9396e+00  7.6254e+04  
1.9894e+00  8.0302e+04  
2.0392e+00  8.4725e+04  
2.0889e+00  8.9209e+04  
2.1387e+00  9.3487e+04  
2.1885e+00  9.8077e+04  
2.2382e+00  1.0291e+05  
2.2880e+00  1.0778e+05  
2.3377e+00  1.1291e+05  
2.3875e+00  1.1779e+05  
2.4373e+00  1.2268e+05  
2.4870e+00  1.2769e+05  
2.5368e+00  1.3300e+05  
2.5866e+00  1.3831e+05  
2.6363e+00  1.4351e+05  
2.6861e+00  1.4889e+05  
2.7358e+00  1.5459e+05  
2.7856e+00  1.6027e+05  
2.8354e+00  1.6584e+05  
2.8851e+00  1.7142e+05  
2.9349e+00  1.7754e+05  
2.9846e+00  1.8354e+05  
3.0344e+00  1.8972e+05  
3.0842e+00  1.9567e+05  
3.1339e+00  2.0241e+05  
3.1837e+00  2.0893e+05  
3.2335e+00  2.1545e+05  
3.2832e+00  2.2232e+05  
3.3330e+00  2.2885e+05  
3.3827e+00  2.3581e+05  
3.4325e+00  2.4272e+05  
3.4823e+00  2.4994e+05  
3.5320e+00  2.5725e+05  
3.5818e+00  2.6497e+05  
3.6316e+00  2.7209e+05  
3.6813e+00  2.7995e+05  
3.7311e+00  2.8698e+05  
3.7808e+00  2.9494e+05  
3.8306e+00  3.0306e+05  
3.8804e+00  3.1095e+05  
3.9301e+00  3.1883e+05  
3.9799e+00  3.2714e+05  
4.0296e+00  3.3523e+05  
4.0794e+00  3.4381e+05  
4.1292e+00  3.5221e+05  
4.1789e+00  3.6032e+05  
4.2287e+00  3.6903e+05  
4.2785e+00  3.7822e+05  
4.3282e+00  3.8702e+05  
4.3780e+00  3.9566e+05  
4.4277e+00  4.0497e+05  
4.4775e+00  4.1418e+05  
4.5273e+00  4.2377e+05  
4.5770e+00  4.3275e+05  
4.6268e+00  4.4241e+05  
4.6766e+00  4.5161e+05  
4.7263e+00  4.6156e+05  
4.7761e+00  4.7142e+05  
4.8258e+00  4.8147e+05  
4.8756e+00  4.9154e+05  
4.9254e+00  5.0168e+05  
4.9751e+00  5.1212e+05  

POTENTIAL Uext

arg         target      
-1.4850e+01 1.1177e+02  
-1.4550e+01 1.1480e+02  
-1.4250e+01 1.1605e+02  
-1.3950e+01 1.1960e+02  
-1.3650e+01 1.1927e+02  
-1.3350e+01 1.2187e+02  
-1.3050e+01 1.2370e+02  
-1.2750e+01 1.2538e+02  
-1.2450e+01 1.2670e+02  
-1.2150e+01 1.2937e+02  
-1.1850e+01 1.3148e+02  
-1.1550e+01 1.2983e+02  
-1.1250e+01 1.3280e+02  
-1.0950e+01 1.3673e+02  
-1.0650e+01 1.3427e+02  
-1.0350e+01 1.3725e+02  
-1.0050e+01 1.3585e+02  
-9.7499e+00 1.3872e+02  
-9.4499e+00 1.4013e+02  
-9.1499e+00 1.3863e+02  
-8.8499e+00 1.4455e+02  
-8.5499e+00 1.3960e+02  
-8.2499e+00 1.4260e+02  
-7.9499e+00 1.4283e+02  
-7.6500e+00 1.4185e+02  
-7.3500e+00 1.4303e+02  
-7.0500e+00 1.4215e+02  
-6.7500e+00 1.3967e+02  
-6.4500e+00 1.4158e+02  
-6.1500e+00 1.3965e+02  
-5.8500e+00 1.4090e+02  
-5.5500e+00 1.3983e+02  
-5.2500e+00 1.3787e+02  
-4.9500e+00 1.3827e+02  
-4.6500e+00 1.3527e+02  
-4.3500e+00 1.3672e+02  
-4.0500e+00 1.3425e+02  
-3.7500e+00 1.3273e+02  
-3.4500e+00 1.3053e+02  
-3.1500e+00 1.3000e+02  
-2.8500e+00 1.2812e+02  
-2.5500e+00 1.2683e+02  
-2.2500e+00 1.2613e+02  
-1.9500e+00 1.2288e+02  
-1.6500e+00 1.2242e+02  
-1.3500e+00 1.2072e+02  
-1.0500e+00 1.1882e+02  
-7.4997e-01 1.1373e+02  
-4.4997e-01 1.1598e+02  
-1.4997e-01 1.1558e+02  
1.5003e-01  1.0963e+02  
4.5003e-01  1.1023e+02  
7.5002e-01  1.0747e+02  
1.0500e+00  1.0803e+02  
1.3500e+00  1.0243e+02  
1.6500e+00  1.0360e+02  
1.9500e+00  1.0005e+02  
2.2500e+00  9.9634e+01  
2.5500e+00  9.7667e+01  
2.8500e+00  9.6317e+01  
3.1500e+00  9.4834e+01  
3.4500e+00  9.2800e+01  
3.7500e+00  9.2800e+01  
4.0500e+00  9.1050e+01  
4.3500e+00  8.9634e+01  
4.6500e+00  8.9467e+01  
4.9500e+00  8.5934e+01  
5.2500e+00  8.7534e+01  
5.5500e+00  8.6534e+01  
5.8500e+00  8.5517e+01  
6.1500e+00  8.3084e+01  
6.4500e+00  8.4700e+01  
6.7500e+00  8.4667e+01  
7.0500e+00  8.3867e+01  
7.3500e+00  8.3134e+01  
7.6500e+00  8.2134e+01  
7.9500e+00  8.5700e+01  
8.2500e+00  8.4450e+01  
8.5500e+00  8.4717e+01  
8.8500e+00  8.5934e+01  
9.1500e+00  8.5150e+01  
9.4500e+00  8.7084e+01  
9.7500e+00  8.6850e+01  
1.0050e+01  8.8700e+01  
1.0350e+01  8.6817e+01  
1.0650e+01  8.9834e+01  
1.0950e+01  8.8867e+01  
1.1250e+01  9.3267e+01  
1.1550e+01  9.3867e+01  
1.1850e+01  9.6417e+01  
1.2150e+01  9.5500e+01  
1.2450e+01  9.7317e+01  
1.2750e+01  9.8517e+01  
1.3050e+01  1.0158e+02  
1.3350e+01  1.0160e+02  
1.3650e+01  1.0517e+02  
1.3950e+01  1.0425e+02  
1.4250e+01  1.0702e+02  
1.4550e+01  1.0967e+02  
1.4850e+01  1.0968e+02  
