#"Step"	"Potential Energy (kJ/mole)"	"Kinetic Energy (kJ/mole)"	"Temperature (K)"	"Box Volume (nm^3)"	"Density (g/mL)"	"Speed (ns/day)"
104000	62972.7734375	10067.8903641	119.593822167	6749.99980563	0.00166053883015	0
108000	62956.0117188	10130.1539135	120.333434497	6749.99980563	0.00166053883015	9.02e+03
112000	62960.3242188	10272.3811115	122.022913982	6749.99980563	0.00166053883015	8.74e+03
116000	62908.484375	10260.8054833	121.885410138	6749.99980563	0.00166053883015	8.73e+03
120000	62921.4960938	10230.4640085	121.524991738	6749.99980563	0.00166053883015	8.69e+03
124000	62988.671875	10169.1517297	120.796679301	6749.99980563	0.00166053883015	8.71e+03
128000	62964.7265625	10023.9412469	119.071762161	6749.99980563	0.00166053883015	8.51e+03
132000	62986.5351562	10226.945322	121.483194186	6749.99980563	0.00166053883015	8.35e+03
136000	62947.90625	10232.3713603	121.547648668	6749.99980563	0.00166053883015	8.43e+03
140000	62948.8398438	10145.5687295	120.516543043	6749.99980563	0.00166053883015	8.47e+03
144000	62951.1015625	10103.4742059	120.016513266	6749.99980563	0.00166053883015	8.52e+03
148000	62948.3789062	9940.76607118	118.08374612	6749.99980563	0.00166053883015	8.53e+03
152000	63009.3046875	10224.7061245	121.456595348	6749.99980563	0.00166053883015	8.51e+03
156000	62948.6367188	10178.9550025	120.9131298	6749.99980563	0.00166053883015	8.46e+03
160000	62981.265625	10023.9327372	119.071661076	6749.99980563	0.00166053883015	8.49e+03
164000	62975.625	10197.1958055	121.129807502	6749.99980563	0.00166053883015	8.52e+03
168000	62957.1132812	10101.2149968	119.989676716	6749.99980563	0.00166053883015	8.55e+03
172000	62910.7773438	10216.8324558	121.363066108	6749.99980563	0.00166053883015	8.53e+03
176000	62947.28125	10227.983282	121.49552384	6749.99980563	0.00166053883015	8.55e+03
180000	62967.5117188	10103.3955961	120.015579481	6749.99980563	0.00166053883015	8.46e+03
184000	62989.0234375	10327.2704143	122.674929575	6749.99980563	0.00166053883015	8.46e+03
188000	62964.375	10198.0987168	121.140532948	6749.99980563	0.00166053883015	8.47e+03
192000	62934.2070312	10217.9903801	121.376820787	6749.99980563	0.00166053883015	8.49e+03
196000	63009.1875	10185.7551978	120.993907533	6749.99980563	0.00166053883015	8.5e+03
200000	63002.8984375	10098.1043196	119.952725798	6749.99980563	0.00166053883015	8.5e+03
204000	62949.765625	10133.7985399	120.376728056	6749.99980563	0.00166053883015	8.48e+03
208000	62995.3046875	9981.70094717	118.570000748	6749.99980563	0.00166053883015	8.47e+03
212000	62966.7851562	9991.57867373	118.687335664	6749.99980563	0.00166053883015	8.48e+03
216000	62937.875	10217.166401	121.367032955	6749.99980563	0.00166053883015	8.49e+03
220000	62932.1328125	10217.0565824	121.365728449	6749.99980563	0.00166053883015	8.51e+03
224000	62926.5585938	10220.9748335	121.412272323	6749.99980563	0.00166053883015	8.52e+03
228000	62922.625	10397.4946805	123.509105168	6749.99980563	0.00166053883015	8.52e+03
232000	62931.1445312	9981.0900617	118.5627442	6749.99980563	0.00166053883015	8.47e+03
236000	62939.2382812	10227.6585903	121.491666913	6749.99980563	0.00166053883015	8.48e+03
240000	62956.7890625	10192.3302382	121.072010708	6749.99980563	0.00166053883015	8.49e+03
244000	62971.25	10246.9865337	121.72125847	6749.99980563	0.00166053883015	8.49e+03
248000	62944.8046875	10147.2855198	120.536936343	6749.99980563	0.00166053883015	8.5e+03
252000	62941.0390625	10071.2594829	119.633843043	6749.99980563	0.00166053883015	8.46e+03
256000	63004.6210938	10271.9332208	122.017593606	6749.99980563	0.00166053883015	8.46e+03
260000	62977.5117188	9848.94840683	116.99306823	6749.99980563	0.00166053883015	8.46e+03
264000	62940.7890625	10075.0584454	119.678969919	6749.99980563	0.00166053883015	8.46e+03
268000	62922.40625	10146.7695722	120.530807537	6749.99980563	0.00166053883015	8.47e+03
272000	62935.6210938	10181.0083298	120.937520736	6749.99980563	0.00166053883015	8.48e+03
276000	62935.5078125	10202.7070888	121.195274588	6749.99980563	0.00166053883015	8.47e+03
280000	62944.9257812	10174.3348676	120.858248433	6749.99980563	0.00166053883015	8.46e+03
284000	62948.5820312	10156.333146	120.644410716	6749.99980563	0.00166053883015	8.47e+03
288000	62943.0703125	10012.1728631	118.931968624	6749.99980563	0.00166053883015	8.48e+03
292000	62971.2304688	10105.374373	120.039084851	6749.99980563	0.00166053883015	8.47e+03
296000	62940.8828125	10142.5974281	120.481247734	6749.99980563	0.00166053883015	8.48e+03
300000	62943.2070312	10253.296565	121.796213672	6749.99980563	0.00166053883015	8.46e+03
304000	62976.390625	10144.9060005	120.508670659	6749.99980563	0.00166053883015	8.44e+03
308000	62995.3125	10185.311624	120.988638435	6749.99980563	0.00166053883015	8.45e+03
312000	62959.703125	10142.4563225	120.479571578	6749.99980563	0.00166053883015	8.45e+03
316000	62969.8320312	10152.263034	120.596062926	6749.99980563	0.00166053883015	8.46e+03
320000	62943.1953125	10008.9661969	118.893877479	6749.99980563	0.00166053883015	8.47e+03
324000	62902.3554688	10199.9958531	121.163068532	6749.99980563	0.00166053883015	8.47e+03
328000	62964.9648438	9957.55713771	118.283202784	6749.99980563	0.00166053883015	8.43e+03
332000	62953.0117188	10131.7997838	120.352985358	6749.99980563	0.00166053883015	8.43e+03
336000	62933.9296875	10201.0436861	121.175515464	6749.99980563	0.00166053883015	8.44e+03
340000	62951.8203125	10173.7973356	120.851863232	6749.99980563	0.00166053883015	8.45e+03
344000	62947.7070312	10173.8140715	120.852062033	6749.99980563	0.00166053883015	8.45e+03
348000	62983.359375	10114.0019072	120.141569061	6749.99980563	0.00166053883015	8.46e+03
352000	62922.7109375	9984.36375319	118.60163152	6749.99980563	0.00166053883015	8.46e+03
356000	62962.046875	10182.2480543	120.952247097	6749.99980563	0.00166053883015	8.44e+03
360000	62891.125	10108.5750419	120.077104756	6749.99980563	0.00166053883015	8.44e+03
364000	62927.1875	10099.1334363	119.964950406	6749.99980563	0.00166053883015	8.45e+03
368000	62923.9257812	10130.9276381	120.342625369	6749.99980563	0.00166053883015	8.45e+03
372000	62982.4609375	9893.00041481	117.516350448	6749.99980563	0.00166053883015	8.45e+03
376000	62947.9765625	10022.3610463	119.052991373	6749.99980563	0.00166053883015	8.46e+03
380000	62976.7382812	10098.7147193	119.959976577	6749.99980563	0.00166053883015	8.46e+03
384000	62929.046875	10013.1935637	118.944093258	6749.99980563	0.00166053883015	8.45e+03
388000	62948.765625	9970.00248663	118.431037811	6749.99980563	0.00166053883015	8.46e+03
392000	62916.4140625	10053.73099	119.425626685	6749.99980563	0.00166053883015	8.46e+03
396000	62994.078125	10225.2313229	121.462834041	6749.99980563	0.00166053883015	8.47e+03
400000	62888.4609375	10134.7039942	120.387483709	6749.99980563	0.00166053883015	8.46e+03
404000	62947.03125	10157.5135889	120.658432886	6749.99980563	0.00166053883015	8.44e+03
408000	62972.7109375	10087.9624126	119.832252752	6749.99980563	0.00166053883015	8.44e+03
412000	62961.1875	10060.8102829	119.509719744	6749.99980563	0.00166053883015	8.45e+03
416000	62994.3203125	9917.89789618	117.812101083	6749.99980563	0.00166053883015	8.45e+03
420000	62919.3085938	10004.2129291	118.837414661	6749.99980563	0.00166053883015	8.45e+03
424000	62956.359375	10192.9754634	121.079675169	6749.99980563	0.00166053883015	8.46e+03
428000	62963.046875	10120.2051404	120.215255638	6749.99980563	0.00166053883015	8.46e+03
432000	62958.515625	10095.3683653	119.920226117	6749.99980563	0.00166053883015	8.46e+03
436000	62932.078125	10058.0399564	119.476811764	6749.99980563	0.00166053883015	8.45e+03
440000	62934.59375	10039.0527343	119.251267545	6749.99980563	0.00166053883015	8.46e+03
444000	62951.7109375	9976.49550731	118.508166696	6749.99980563	0.00166053883015	8.46e+03
448000	62988.8632812	10131.9766214	120.355085965	6749.99980563	0.00166053883015	8.46e+03
452000	62993.75	10115.0266335	120.153741516	6749.99980563	0.00166053883015	8.46e+03
456000	62970.5351562	10223.3947135	121.441017442	6749.99980563	0.00166053883015	8.46e+03
460000	62971.359375	10115.1214319	120.154867601	6749.99980563	0.00166053883015	8.47e+03
464000	62957.8710938	10206.4635387	121.239896468	6749.99980563	0.00166053883015	8.47e+03
468000	62944.9257812	10198.2803144	121.142690099	6749.99980563	0.00166053883015	8.47e+03
472000	62931.7890625	10322.386487	122.616914688	6749.99980563	0.00166053883015	8.47e+03
476000	62952.3085938	10247.7758484	121.730634532	6749.99980563	0.00166053883015	8.48e+03
480000	62944.5507812	10237.6063523	121.609833761	6749.99980563	0.00166053883015	8.48e+03
484000	62935.6875	10016.4463735	118.98273253	6749.99980563	0.00166053883015	8.48e+03
488000	62925.8046875	10095.3617715	119.920147791	6749.99980563	0.00166053883015	8.48e+03
492000	62957.3984375	9873.07274237	117.279634868	6749.99980563	0.00166053883015	8.48e+03
496000	62938.1953125	10204.2310887	121.213377781	6749.99980563	0.00166053883015	8.49e+03
500000	62957.0546875	10101.814539	119.99679852	6749.99980563	0.00166053883015	8.49e+03
504000	62995.5742188	10133.1223949	120.368696307	6749.99980563	0.00166053883015	8.49e+03
508000	62964.5585938	10048.1959247	119.3598771	6749.99980563	0.00166053883015	8.49e+03
512000	62943.4375	10347.7790517	122.918546287	6749.99980563	0.00166053883015	8.49e+03
516000	62925.5664062	9927.70081928	117.928547428	6749.99980563	0.00166053883015	8.5e+03
520000	62969.1328125	10149.5833333	120.564231466	6749.99980563	0.00166053883015	8.5e+03
524000	62981.2109375	10172.8586741	120.840713119	6749.99980563	0.00166053883015	8.51e+03
528000	62954.5703125	10165.4997623	120.75329854	6749.99980563	0.00166053883015	8.51e+03
532000	62970.0664062	10047.0506376	119.346272536	6749.99980563	0.00166053883015	8.51e+03
536000	62980.71875	10196.8251176	121.125404199	6749.99980563	0.00166053883015	8.51e+03
540000	62925.6992188	10047.0380592	119.34612312	6749.99980563	0.00166053883015	8.51e+03
544000	62906.2109375	9959.62766123	118.307797988	6749.99980563	0.00166053883015	8.52e+03
548000	62940.9296875	10353.3960928	122.985269641	6749.99980563	0.00166053883015	8.52e+03
552000	62966.1601562	10157.2779182	120.655633417	6749.99980563	0.00166053883015	8.52e+03
556000	62950.578125	10132.4722437	120.360973332	6749.99980563	0.00166053883015	8.52e+03
560000	62927.9101562	10176.9615025	120.889449539	6749.99980563	0.00166053883015	8.52e+03
564000	62937.1484375	10161.8722168	120.710207881	6749.99980563	0.00166053883015	8.52e+03
568000	62928.5625	10253.2561555	121.795733659	6749.99980563	0.00166053883015	8.52e+03
572000	62949.34375	10143.1528024	120.48784488	6749.99980563	0.00166053883015	8.52e+03
576000	62971.8164062	10078.6460451	119.721586073	6749.99980563	0.00166053883015	8.52e+03
580000	62957.5625	9954.90714408	118.251724206	6749.99980563	0.00166053883015	8.52e+03
584000	62959.515625	10197.9281451	121.138506773	6749.99980563	0.00166053883015	8.53e+03
588000	62986.9765625	10155.527705	120.634843094	6749.99980563	0.00166053883015	8.53e+03
592000	62931.0546875	9931.46460593	117.97325646	6749.99980563	0.00166053883015	8.52e+03
596000	62952.3398438	10128.9844512	120.319542762	6749.99980563	0.00166053883015	8.53e+03
600000	62916.21875	10172.9028711	120.841238123	6749.99980563	0.00166053883015	8.53e+03
604000	62954.0859375	10304.7930927	122.407927384	6749.99980563	0.00166053883015	8.53e+03
608000	62914.3710938	10092.121428	119.881656603	6749.99980563	0.00166053883015	8.54e+03
612000	62955.5390625	10075.8277882	119.688108741	6749.99980563	0.00166053883015	8.54e+03
616000	62950.6484375	10013.4219342	118.946806011	6749.99980563	0.00166053883015	8.54e+03
620000	62975.7578125	10074.255916	119.669436884	6749.99980563	0.00166053883015	8.54e+03
624000	62944.4140625	10152.8059822	120.602512464	6749.99980563	0.00166053883015	8.54e+03
628000	62916.671875	10155.2186298	120.631171671	6749.99980563	0.00166053883015	8.54e+03
632000	62962.1875	10228.134501	121.497320131	6749.99980563	0.00166053883015	8.54e+03
636000	62938.015625	10037.0789649	119.227821658	6749.99980563	0.00166053883015	8.55e+03
640000	62980.53125	10094.4092834	119.908833436	6749.99980563	0.00166053883015	8.55e+03
644000	62937.9492188	10000.6934133	118.795607258	6749.99980563	0.00166053883015	8.55e+03
648000	62951.0546875	10231.2628371	121.534480812	6749.99980563	0.00166053883015	8.55e+03
652000	62949.4140625	10064.2552661	119.550641793	6749.99980563	0.00166053883015	8.55e+03
656000	62961.2617188	10065.3999413	119.564239089	6749.99980563	0.00166053883015	8.55e+03
660000	62945.3125	9961.27230314	118.327334257	6749.99980563	0.00166053883015	8.55e+03
664000	62974.375	10294.4504236	122.285069537	6749.99980563	0.00166053883015	8.55e+03
668000	62932.5976562	10178.0812451	120.902750666	6749.99980563	0.00166053883015	8.55e+03
672000	62978.2265625	10020.4143883	119.029867535	6749.99980563	0.00166053883015	8.56e+03
676000	62929.4140625	10124.5342166	120.266679596	6749.99980563	0.00166053883015	8.56e+03
680000	62978.3632812	10210.1344752	121.283502558	6749.99980563	0.00166053883015	8.56e+03
684000	62932.0546875	10143.434086	120.491186174	6749.99980563	0.00166053883015	8.56e+03
688000	62954.046875	10103.930334	120.021931492	6749.99980563	0.00166053883015	8.56e+03
692000	62912.203125	10075.1674832	119.680265151	6749.99980563	0.00166053883015	8.56e+03
696000	62981.015625	10189.584694	121.03939711	6749.99980563	0.00166053883015	8.56e+03
700000	62909.2578125	10181.644844	120.94508172	6749.99980563	0.00166053883015	8.56e+03
704000	62952.5	10076.4724763	119.69576682	6749.99980563	0.00166053883015	8.56e+03
708000	62916.234375	10119.1590783	120.202829741	6749.99980563	0.00166053883015	8.56e+03
712000	62977.59375	10116.0388243	120.165765064	6749.99980563	0.00166053883015	8.56e+03
716000	62955.90625	10154.9411081	120.627875063	6749.99980563	0.00166053883015	8.57e+03
720000	62926.703125	10195.8023085	121.113254518	6749.99980563	0.00166053883015	8.57e+03
724000	62961.8046875	10109.6544389	120.089926628	6749.99980563	0.00166053883015	8.57e+03
728000	62939.3789062	10278.7601832	122.098689297	6749.99980563	0.00166053883015	8.57e+03
732000	62980.7265625	10157.7018724	120.660669457	6749.99980563	0.00166053883015	8.57e+03
736000	62953.8867188	10029.8693304	119.142180305	6749.99980563	0.00166053883015	8.57e+03
740000	62968.4296875	10055.8944038	119.451325309	6749.99980563	0.00166053883015	8.57e+03
744000	62947.9648438	10260.0526676	121.876467639	6749.99980563	0.00166053883015	8.57e+03
748000	62960.2617188	10006.605842	118.865839444	6749.99980563	0.00166053883015	8.57e+03
752000	62947.7890625	9994.54130233	118.72252795	6749.99980563	0.00166053883015	8.57e+03
756000	62890.140625	10032.065747	119.168270961	6749.99980563	0.00166053883015	8.58e+03
760000	62945.9023438	10334.9018601	122.765581514	6749.99980563	0.00166053883015	8.58e+03
764000	62954.7265625	9978.54585254	118.532522208	6749.99980563	0.00166053883015	8.58e+03
768000	62986.8007812	10174.4388553	120.859483675	6749.99980563	0.00166053883015	8.58e+03
772000	62924.375	10115.134048	120.155017465	6749.99980563	0.00166053883015	8.58e+03
776000	62959.7578125	10121.465485	120.23022694	6749.99980563	0.00166053883015	8.58e+03
780000	62957.8984375	10221.1108449	121.413887967	6749.99980563	0.00166053883015	8.58e+03
784000	62962.359375	10067.0472049	119.5838065	6749.99980563	0.00166053883015	8.58e+03
788000	62981.9609375	10068.1566184	119.596984932	6749.99980563	0.00166053883015	8.58e+03
792000	62935.71875	10197.5243049	121.13370966	6749.99980563	0.00166053883015	8.58e+03
796000	62975.421875	10100.0064874	119.97532115	6749.99980563	0.00166053883015	8.58e+03
800000	62960.4101562	10070.6597601	119.626719094	6749.99980563	0.00166053883015	8.58e+03
804000	62920.8242188	10173.4428089	120.847651902	6749.99980563	0.00166053883015	8.58e+03
808000	62961.9921875	10066.6416379	119.578988877	6749.99980563	0.00166053883015	8.58e+03
812000	62959.1484375	10117.2992524	120.180737358	6749.99980563	0.00166053883015	8.58e+03
816000	62951.84375	10005.3134638	118.850487624	6749.99980563	0.00166053883015	8.58e+03
820000	62930.671875	10059.7930218	119.497635967	6749.99980563	0.00166053883015	8.58e+03
824000	62983.765625	10037.1365801	119.228506054	6749.99980563	0.00166053883015	8.58e+03
828000	62950.9023438	10194.5488911	121.098365503	6749.99980563	0.00166053883015	8.58e+03
832000	62995.6523438	10117.2471318	120.180118232	6749.99980563	0.00166053883015	8.58e+03
836000	62958.9570312	10193.899349	121.090649763	6749.99980563	0.00166053883015	8.59e+03
840000	62911.4570312	10116.3308883	120.169234416	6749.99980563	0.00166053883015	8.59e+03
844000	62937.9101562	10179.0220051	120.913925707	6749.99980563	0.00166053883015	8.59e+03
848000	62945.25	10182.7224713	120.957882571	6749.99980563	0.00166053883015	8.59e+03
852000	62972.0390625	10138.9099057	120.437444626	6749.99980563	0.00166053883015	8.59e+03
856000	62965.3242188	10220.5433812	121.407147215	6749.99980563	0.00166053883015	8.59e+03
860000	62942.4414062	10184.4155932	120.977994721	6749.99980563	0.00166053883015	8.59e+03
864000	62944.0859375	10218.4029553	121.381721659	6749.99980563	0.00166053883015	8.59e+03
868000	62909.9101562	10146.5385997	120.528063876	6749.99980563	0.00166053883015	8.59e+03
872000	62919.21875	10173.5987303	120.849504051	6749.99980563	0.00166053883015	8.59e+03
876000	62943.0976562	10090.884873	119.866967891	6749.99980563	0.00166053883015	8.59e+03
880000	62992.0898438	10217.3545293	121.369267682	6749.99980563	0.00166053883015	8.59e+03
884000	62926.6328125	10128.2685539	120.311038806	6749.99980563	0.00166053883015	8.6e+03
888000	62964.3046875	10311.695329	122.489917233	6749.99980563	0.00166053883015	8.6e+03
892000	62930.0585938	10098.9903873	119.963251165	6749.99980563	0.00166053883015	8.6e+03
896000	62987.5195312	10104.9550485	120.034103806	6749.99980563	0.00166053883015	8.6e+03
900000	62977.84375	10046.0820374	119.334766788	6749.99980563	0.00166053883015	8.6e+03
904000	62970.21875	10109.4658827	120.08768682	6749.99980563	0.00166053883015	8.6e+03
908000	62964.9882812	10214.5884239	121.336409844	6749.99980563	0.00166053883015	8.6e+03
912000	62961.5195312	10088.9543571	119.8440358	6749.99980563	0.00166053883015	8.6e+03
916000	62951.4765625	10137.3310527	120.418689846	6749.99980563	0.00166053883015	8.6e+03
920000	62942.7890625	10105.7949671	120.044080978	6749.99980563	0.00166053883015	8.59e+03
924000	62950.4375	10264.1361647	121.924974426	6749.99980563	0.00166053883015	8.59e+03
928000	62978.6914062	10059.1045077	119.489457288	6749.99980563	0.00166053883015	8.59e+03
932000	62952.421875	10308.4013197	122.450788563	6749.99980563	0.00166053883015	8.59e+03
936000	62930.7304688	10092.9176841	119.89111512	6749.99980563	0.00166053883015	8.59e+03
940000	62934.640625	10146.5196602	120.527838898	6749.99980563	0.00166053883015	8.59e+03
944000	62942.7304688	10123.7162003	120.256962595	6749.99980563	0.00166053883015	8.58e+03
948000	62964.703125	10137.9702421	120.426282609	6749.99980563	0.00166053883015	8.59e+03
952000	62937.609375	10158.6110527	120.67146937	6749.99980563	0.00166053883015	8.59e+03
956000	62966.8710938	10140.5907835	120.457411331	6749.99980563	0.00166053883015	8.59e+03
960000	62877.1171875	10318.555056	122.571402127	6749.99980563	0.00166053883015	8.59e+03
964000	62959.109375	10144.9806657	120.509557588	6749.99980563	0.00166053883015	8.59e+03
968000	62933.75	10035.8095158	119.212742206	6749.99980563	0.00166053883015	8.58e+03
972000	62937.4648438	10191.5377402	121.062596832	6749.99980563	0.00166053883015	8.58e+03
976000	62973.3671875	10021.682322	119.044928986	6749.99980563	0.00166053883015	8.58e+03
980000	62962.4140625	10231.1537434	121.533184918	6749.99980563	0.00166053883015	8.58e+03
984000	62975.7148438	10089.9132123	119.855425789	6749.99980563	0.00166053883015	8.58e+03
988000	62954.6367188	10323.9139265	122.63505874	6749.99980563	0.00166053883015	8.58e+03
992000	62963.5	10228.7786716	121.504972064	6749.99980563	0.00166053883015	8.58e+03
996000	62916.4375	10120.9192749	120.223738654	6749.99980563	0.00166053883015	8.58e+03
1000000	62972.9140625	10124.1693777	120.26234577	6749.99980563	0.00166053883015	8.58e+03
1004000	62948.671875	10075.294004	119.681768058	6749.99980563	0.00166053883015	8.58e+03
1008000	62935.6289062	10022.0348903	119.049117051	6749.99980563	0.00166053883015	8.58e+03
1012000	62942.9921875	10107.7286145	120.067050268	6749.99980563	0.00166053883015	8.57e+03
1016000	62967.265625	10121.929987	120.235744636	6749.99980563	0.00166053883015	8.57e+03
1020000	62985.890625	9881.5596304	117.380448379	6749.99980563	0.00166053883015	8.57e+03
1024000	62999.2578125	10213.6357319	121.325093065	6749.99980563	0.00166053883015	8.57e+03
1028000	62966.7421875	10169.9580653	120.806257549	6749.99980563	0.00166053883015	8.57e+03
1032000	62974.484375	9902.80613291	117.632829995	6749.99980563	0.00166053883015	8.57e+03
1036000	62948.6367188	10202.6087783	121.194106783	6749.99980563	0.00166053883015	8.57e+03
1040000	62985.609375	10212.9205873	121.316598051	6749.99980563	0.00166053883015	8.57e+03
1044000	62990.9609375	10201.649134	121.182707421	6749.99980563	0.00166053883015	8.57e+03
1048000	62952.640625	10119.0610463	120.201665244	6749.99980563	0.00166053883015	8.57e+03
1052000	62943.7578125	9938.02588674	118.05119619	6749.99980563	0.00166053883015	8.57e+03
1056000	62952.3828125	10341.8282802	122.847858637	6749.99980563	0.00166053883015	8.56e+03
1060000	62953.1914062	10068.4953154	119.601008224	6749.99980563	0.00166053883015	8.56e+03
1064000	62929.3164062	10117.6279834	120.184642267	6749.99980563	0.00166053883015	8.56e+03
1068000	62958.3125	10020.6285775	119.032411831	6749.99980563	0.00166053883015	8.56e+03
1072000	62940.2773438	10249.6879902	121.753348362	6749.99980563	0.00166053883015	8.56e+03
1076000	62940.7851562	10162.6148809	120.719029793	6749.99980563	0.00166053883015	8.56e+03
1080000	62941.2382812	10030.2074053	119.146196209	6749.99980563	0.00166053883015	8.56e+03
1084000	62955.921875	10100.7504753	119.984158787	6749.99980563	0.00166053883015	8.56e+03
1088000	62899.34375	10206.0764394	121.235298218	6749.99980563	0.00166053883015	8.56e+03
1092000	62932.9609375	10231.2927971	121.5348367	6749.99980563	0.00166053883015	8.56e+03
1096000	62943.1484375	10173.8371987	120.852336755	6749.99980563	0.00166053883015	8.56e+03
1100000	62935.5859375	10190.4037051	121.049125929	6749.99980563	0.00166053883015	8.56e+03
