#"Step"	"Potential Energy (kJ/mole)"	"Kinetic Energy (kJ/mole)"	"Temperature (K)"	"Box Volume (nm^3)"	"Density (g/mL)"	"Speed (ns/day)"
104000	62571.3125	10224.2601527	121.451297766	6749.99980563	0.00166053883015	0
108000	62533.9453125	10210.1446588	121.283623526	6749.99980563	0.00166053883015	9.06e+03
112000	62540.9765625	10094.9124043	119.914809877	6749.99980563	0.00166053883015	9.04e+03
116000	62524.265625	9902.92165073	117.634202201	6749.99980563	0.00166053883015	9.05e+03
120000	62512.96875	10180.4527729	120.930921421	6749.99980563	0.00166053883015	9.03e+03
124000	62536.40625	10123.6120052	120.255724889	6749.99980563	0.00166053883015	9.03e+03
128000	62509.3046875	10165.7552774	120.756333737	6749.99980563	0.00166053883015	9.03e+03
132000	62560.5703125	10023.1574029	119.062451084	6749.99980563	0.00166053883015	9.03e+03
136000	62519.2695312	10189.5998349	121.039576965	6749.99980563	0.00166053883015	9.03e+03
140000	62533.421875	10273.474984	122.035907806	6749.99980563	0.00166053883015	9.02e+03
144000	62525.9804688	10088.6080687	119.839922332	6749.99980563	0.00166053883015	9.02e+03
148000	62531.9609375	10128.1654153	120.309813649	6749.99980563	0.00166053883015	9.02e+03
152000	62577.703125	10001.9130152	118.810094589	6749.99980563	0.00166053883015	9.01e+03
156000	62547.0273438	10140.5109815	120.456463385	6749.99980563	0.00166053883015	9.01e+03
160000	62557.6523438	10075.8308558	119.68814518	6749.99980563	0.00166053883015	9e+03
164000	62533.171875	9959.06067918	118.301062958	6749.99980563	0.00166053883015	9e+03
168000	62528.640625	10231.5750897	121.538189979	6749.99980563	0.00166053883015	9e+03
172000	62533.6875	10213.6742325	121.325550404	6749.99980563	0.00166053883015	8.99e+03
176000	62538.5117188	10275.8951523	122.064656348	6749.99980563	0.00166053883015	8.99e+03
180000	62534.1640625	10204.3393604	121.214663913	6749.99980563	0.00166053883015	8.99e+03
184000	62562.0703125	10206.9792199	121.24602211	6749.99980563	0.00166053883015	8.98e+03
188000	62542.53125	10073.2175603	119.657102529	6749.99980563	0.00166053883015	8.98e+03
192000	62556.875	10270.6662162	122.002543192	6749.99980563	0.00166053883015	8.98e+03
196000	62601.0234375	10215.12126	121.342739263	6749.99980563	0.00166053883015	8.98e+03
200000	62501.9375	9960.75965568	118.321244653	6749.99980563	0.00166053883015	8.98e+03
204000	62575.3085938	10047.3183535	119.349452663	6749.99980563	0.00166053883015	8.98e+03
208000	62582.59375	10199.8425672	121.161247689	6749.99980563	0.00166053883015	8.98e+03
212000	62507.9296875	10094.2476015	119.906912859	6749.99980563	0.00166053883015	8.97e+03
216000	62534.9296875	10181.8058702	120.946994509	6749.99980563	0.00166053883015	8.97e+03
220000	62543.6523438	10334.3289326	122.758775858	6749.99980563	0.00166053883015	8.97e+03
224000	62557.6914062	10094.4443303	119.909249748	6749.99980563	0.00166053883015	8.97e+03
228000	62546.4140625	10307.6631969	122.442020596	6749.99980563	0.00166053883015	8.97e+03
232000	62542.8867188	10323.3900487	122.628835734	6749.99980563	0.00166053883015	8.96e+03
236000	62538.875	10170.6852913	120.814896076	6749.99980563	0.00166053883015	8.96e+03
240000	62527.46875	10270.7872052	122.003980388	6749.99980563	0.00166053883015	8.96e+03
244000	62515.9570312	10118.3970435	120.19377773	6749.99980563	0.00166053883015	8.96e+03
248000	62546.0078125	10011.0801768	118.91898889	6749.99980563	0.00166053883015	8.96e+03
252000	62498.1289062	10097.8471084	119.949670455	6749.99980563	0.00166053883015	8.96e+03
256000	62508.1015625	10268.6184101	121.978217841	6749.99980563	0.00166053883015	8.96e+03
260000	62528.5195312	10117.1818638	120.17934293	6749.99980563	0.00166053883015	8.95e+03
264000	62510.9101562	10037.7382122	119.235652683	6749.99980563	0.00166053883015	8.95e+03
268000	62534.5429688	9925.23826917	117.899295443	6749.99980563	0.00166053883015	8.95e+03
272000	62540.34375	10018.7551509	119.010157889	6749.99980563	0.00166053883015	8.95e+03
276000	62568.9492188	10105.456247	120.040057412	6749.99980563	0.00166053883015	8.95e+03
280000	62577.4609375	10124.3175493	120.264105862	6749.99980563	0.00166053883015	8.95e+03
284000	62540.4023438	10132.4365661	120.360549527	6749.99980563	0.00166053883015	8.94e+03
288000	62584.0429688	10075.02214	119.678538657	6749.99980563	0.00166053883015	8.94e+03
292000	62568.5546875	10156.6485176	120.648156932	6749.99980563	0.00166053883015	8.94e+03
296000	62552.4648438	10188.183611	121.022754014	6749.99980563	0.00166053883015	8.94e+03
300000	62535.4296875	10097.9147659	119.950474141	6749.99980563	0.00166053883015	8.94e+03
304000	62573.2539062	10225.1801941	121.462226696	6749.99980563	0.00166053883015	8.94e+03
308000	62576.7109375	10105.030328	120.034998032	6749.99980563	0.00166053883015	8.94e+03
312000	62551.4960938	10066.7961214	119.580823946	6749.99980563	0.00166053883015	8.94e+03
316000	62538.8007812	10131.8744733	120.353872574	6749.99980563	0.00166053883015	8.94e+03
320000	62542.4179688	10104.480893	120.028471437	6749.99980563	0.00166053883015	8.93e+03
324000	62505.7578125	10152.9268678	120.603948433	6749.99980563	0.00166053883015	8.93e+03
328000	62539.890625	10232.0663104	121.544025061	6749.99980563	0.00166053883015	8.93e+03
332000	62569.03125	9984.22829278	118.600022421	6749.99980563	0.00166053883015	8.93e+03
336000	62578.2890625	10176.0732794	120.87889857	6749.99980563	0.00166053883015	8.93e+03
340000	62562.4335938	10137.7300303	120.423429196	6749.99980563	0.00166053883015	8.93e+03
344000	62559.5234375	10173.9060888	120.853155083	6749.99980563	0.00166053883015	8.93e+03
348000	62531.5	10069.2484513	119.609954527	6749.99980563	0.00166053883015	8.93e+03
352000	62542.53125	10191.1842518	121.058397838	6749.99980563	0.00166053883015	8.93e+03
356000	62535.875	10070.3109055	119.622575141	6749.99980563	0.00166053883015	8.93e+03
360000	62514.0	10059.4397803	119.493439904	6749.99980563	0.00166053883015	8.93e+03
364000	62541.453125	10130.0468106	120.332162251	6749.99980563	0.00166053883015	8.93e+03
368000	62565.4414062	10124.7241243	120.268935459	6749.99980563	0.00166053883015	8.93e+03
372000	62557.8984375	9895.82497835	117.549902696	6749.99980563	0.00166053883015	8.93e+03
376000	62569.4296875	10113.9132581	120.140516022	6749.99980563	0.00166053883015	8.93e+03
380000	62550.9257812	10371.1488318	123.196149759	6749.99980563	0.00166053883015	8.93e+03
384000	62543.6328125	10133.1887524	120.36948455	6749.99980563	0.00166053883015	8.93e+03
388000	62542.4335938	10186.9267712	121.007824345	6749.99980563	0.00166053883015	8.93e+03
392000	62521.640625	10146.4452751	120.526955297	6749.99980563	0.00166053883015	8.93e+03
396000	62535.7421875	10140.083684	120.45138763	6749.99980563	0.00166053883015	8.93e+03
400000	62562.5664062	10004.2311054	118.837630573	6749.99980563	0.00166053883015	8.91e+03
404000	62535.578125	10233.6217652	121.5625019	6749.99980563	0.00166053883015	8.91e+03
408000	62504.6640625	10080.7422715	119.746486596	6749.99980563	0.00166053883015	8.91e+03
412000	62515.8867188	10201.3273403	121.178884919	6749.99980563	0.00166053883015	8.91e+03
416000	62520.7421875	10220.6533729	121.408453778	6749.99980563	0.00166053883015	8.91e+03
420000	62531.4921875	9967.88695116	118.405907922	6749.99980563	0.00166053883015	8.91e+03
424000	62518.9453125	10065.1368385	119.56111376	6749.99980563	0.00166053883015	8.91e+03
428000	62552.6132812	10019.5084357	119.019105961	6749.99980563	0.00166053883015	8.91e+03
432000	62575.0390625	10044.9131028	119.320881322	6749.99980563	0.00166053883015	8.91e+03
436000	62545.2734375	10147.0820662	120.534519571	6749.99980563	0.00166053883015	8.91e+03
440000	62550.0507812	10229.525174	121.51383957	6749.99980563	0.00166053883015	8.91e+03
444000	62558.625	10259.5800357	121.870853369	6749.99980563	0.00166053883015	8.91e+03
448000	62572.671875	10159.9119529	120.686922422	6749.99980563	0.00166053883015	8.91e+03
452000	62550.6484375	9989.47016936	118.662289295	6749.99980563	0.00166053883015	8.91e+03
456000	62532.5703125	10250.0203905	121.757296857	6749.99980563	0.00166053883015	8.91e+03
460000	62551.5585938	10053.4559218	119.422359222	6749.99980563	0.00166053883015	8.91e+03
464000	62563.875	10186.0203328	120.997057002	6749.99980563	0.00166053883015	8.91e+03
468000	62564.375	10047.5586335	119.352306886	6749.99980563	0.00166053883015	8.91e+03
472000	62524.8515625	10225.9340572	121.471181638	6749.99980563	0.00166053883015	8.91e+03
476000	62564.0742188	10139.2561163	120.441557171	6749.99980563	0.00166053883015	8.91e+03
480000	62564.5585938	10166.4969047	120.765143333	6749.99980563	0.00166053883015	8.91e+03
484000	62535.5546875	10038.1528657	119.240578243	6749.99980563	0.00166053883015	8.91e+03
488000	62557.7890625	10138.8052751	120.436201746	6749.99980563	0.00166053883015	8.91e+03
492000	62560.71875	10004.7932427	118.844308053	6749.99980563	0.00166053883015	8.91e+03
496000	62562.0507812	10254.070613	121.805408386	6749.99980563	0.00166053883015	8.9e+03
500000	62553.9648438	10146.9009137	120.532367709	6749.99980563	0.00166053883015	8.9e+03
504000	62577.3789062	10106.6330988	120.054036924	6749.99980563	0.00166053883015	8.9e+03
508000	62546.4765625	10128.2982034	120.311391005	6749.99980563	0.00166053883015	8.9e+03
512000	62563.6328125	10029.2404033	119.134709446	6749.99980563	0.00166053883015	8.9e+03
516000	62562.078125	10071.602063	119.637912462	6749.99980563	0.00166053883015	8.9e+03
520000	62552.1835938	10319.8630868	122.58693988	6749.99980563	0.00166053883015	8.9e+03
524000	62529.6289062	10184.7092886	120.981483452	6749.99980563	0.00166053883015	8.9e+03
528000	62531.9609375	10171.7194075	120.827180071	6749.99980563	0.00166053883015	8.9e+03
532000	62557.2851562	10117.9650952	120.18864673	6749.99980563	0.00166053883015	8.9e+03
536000	62558.5703125	10144.2273268	120.500608873	6749.99980563	0.00166053883015	8.9e+03
540000	62529.2578125	10181.814172	120.947093123	6749.99980563	0.00166053883015	8.9e+03
544000	62530.296875	10163.1617042	120.725525364	6749.99980563	0.00166053883015	8.9e+03
548000	62575.328125	10242.8501979	121.672124024	6749.99980563	0.00166053883015	8.9e+03
552000	62564.6484375	9993.96221644	118.715649141	6749.99980563	0.00166053883015	8.9e+03
556000	62556.921875	10170.9004668	120.817452089	6749.99980563	0.00166053883015	8.9e+03
560000	62582.7382812	10179.3193035	120.917457236	6749.99980563	0.00166053883015	8.9e+03
564000	62535.2773438	10169.8444046	120.804907404	6749.99980563	0.00166053883015	8.9e+03
568000	62539.2070312	10119.9650547	120.212403723	6749.99980563	0.00166053883015	8.9e+03
572000	62520.6601562	10335.0331348	122.767140892	6749.99980563	0.00166053883015	8.9e+03
576000	62528.8632812	10197.4495914	121.132822159	6749.99980563	0.00166053883015	8.9e+03
580000	62560.0390625	10060.2726214	119.503333004	6749.99980563	0.00166053883015	8.9e+03
584000	62555.0429688	10212.4683335	121.311225847	6749.99980563	0.00166053883015	8.9e+03
588000	62518.75	10135.5034524	120.396980263	6749.99980563	0.00166053883015	8.9e+03
592000	62584.9453125	10059.968969	119.499725997	6749.99980563	0.00166053883015	8.9e+03
596000	62526.5429688	10054.1359066	119.430436583	6749.99980563	0.00166053883015	8.9e+03
600000	62527.796875	10102.4292841	120.004100915	6749.99980563	0.00166053883015	8.89e+03
604000	62549.09375	10083.4107179	119.778184368	6749.99980563	0.00166053883015	8.89e+03
608000	62535.8359375	10236.3216892	121.594573586	6749.99980563	0.00166053883015	8.89e+03
612000	62551.8828125	10096.4964914	119.933626831	6749.99980563	0.00166053883015	8.89e+03
616000	62527.9296875	10319.298155	122.580229205	6749.99980563	0.00166053883015	8.89e+03
620000	62556.8515625	10327.4107166	122.676596191	6749.99980563	0.00166053883015	8.89e+03
624000	62578.4335938	10092.5182609	119.886370477	6749.99980563	0.00166053883015	8.89e+03
628000	62562.78125	9954.31024647	118.244633817	6749.99980563	0.00166053883015	8.89e+03
632000	62542.140625	9989.43694884	118.661894677	6749.99980563	0.00166053883015	8.89e+03
636000	62572.125	10260.2679345	121.879024738	6749.99980563	0.00166053883015	8.89e+03
640000	62549.3203125	10127.3547248	120.30018367	6749.99980563	0.00166053883015	8.89e+03
644000	62531.2695312	9968.24399959	118.410149206	6749.99980563	0.00166053883015	8.89e+03
648000	62483.671875	10240.2734631	121.641515669	6749.99980563	0.00166053883015	8.88e+03
652000	62529.859375	10198.7387292	121.148135488	6749.99980563	0.00166053883015	8.88e+03
656000	62595.640625	10128.6968593	120.316126533	6749.99980563	0.00166053883015	8.88e+03
660000	62551.3984375	10059.623897	119.495626978	6749.99980563	0.00166053883015	8.88e+03
664000	62540.3671875	10162.2748928	120.714991164	6749.99980563	0.00166053883015	8.88e+03
668000	62523.703125	10199.0448151	121.151771402	6749.99980563	0.00166053883015	8.88e+03
672000	62542.7265625	10344.5779983	122.880521815	6749.99980563	0.00166053883015	8.87e+03
676000	62558.7578125	10237.0992344	121.603809842	6749.99980563	0.00166053883015	8.87e+03
680000	62522.3789062	10066.387852	119.57597422	6749.99980563	0.00166053883015	8.87e+03
684000	62535.7578125	10031.9264618	119.166616429	6749.99980563	0.00166053883015	8.87e+03
688000	62566.25	10087.8340711	119.830728218	6749.99980563	0.00166053883015	8.87e+03
692000	62527.5859375	10366.5319218	123.1413067	6749.99980563	0.00166053883015	8.86e+03
696000	62529.671875	10124.9657502	120.27180567	6749.99980563	0.00166053883015	8.86e+03
700000	62599.953125	10158.838798	120.674174697	6749.99980563	0.00166053883015	8.85e+03
704000	62517.3398438	10091.4338523	119.873489072	6749.99980563	0.00166053883015	8.85e+03
708000	62543.6015625	10057.5916288	119.471486198	6749.99980563	0.00166053883015	8.85e+03
712000	62516.671875	10195.5881184	121.11071021	6749.99980563	0.00166053883015	8.85e+03
716000	62544.1992188	10122.6471089	120.244263139	6749.99980563	0.00166053883015	8.85e+03
720000	62539.9179688	9981.42925428	118.566773379	6749.99980563	0.00166053883015	8.85e+03
724000	62535.578125	9925.82824899	117.906303658	6749.99980563	0.00166053883015	8.85e+03
728000	62530.859375	10113.330302	120.13359124	6749.99980563	0.00166053883015	8.85e+03
732000	62586.1796875	10279.6971647	122.109819454	6749.99980563	0.00166053883015	8.85e+03
736000	62551.09375	9920.52538807	117.843312368	6749.99980563	0.00166053883015	8.85e+03
740000	62526.9960938	10017.0546286	118.989957832	6749.99980563	0.00166053883015	8.84e+03
744000	62551.46875	10369.0343111	123.171031924	6749.99980563	0.00166053883015	8.84e+03
748000	62569.546875	10008.8360473	118.892331466	6749.99980563	0.00166053883015	8.84e+03
752000	62514.7421875	10202.1499662	121.188656674	6749.99980563	0.00166053883015	8.84e+03
756000	62532.2929688	10111.9459234	120.117146571	6749.99980563	0.00166053883015	8.84e+03
760000	62558.3789062	10012.010235	118.930036808	6749.99980563	0.00166053883015	8.84e+03
764000	62529.3515625	10042.6741767	119.294285708	6749.99980563	0.00166053883015	8.84e+03
768000	62544.4453125	10106.9172987	120.057412861	6749.99980563	0.00166053883015	8.84e+03
772000	62518.5546875	9889.76726271	117.477944685	6749.99980563	0.00166053883015	8.84e+03
776000	62537.5117188	10219.7731163	121.397997441	6749.99980563	0.00166053883015	8.84e+03
780000	62553.859375	10231.454989	121.536763335	6749.99980563	0.00166053883015	8.84e+03
784000	62532.546875	9943.620003	118.117647226	6749.99980563	0.00166053883015	8.84e+03
788000	62579.5976562	10318.4537916	122.570199233	6749.99980563	0.00166053883015	8.84e+03
792000	62523.828125	10152.7430323	120.601764699	6749.99980563	0.00166053883015	8.83e+03
796000	62542.4179688	10247.9951087	121.733239067	6749.99980563	0.00166053883015	8.83e+03
800000	62522.6367188	10060.9597305	119.511494993	6749.99980563	0.00166053883015	8.83e+03
804000	62554.8398438	10167.9973352	120.782966552	6749.99980563	0.00166053883015	8.83e+03
808000	62556.3515625	9999.5006146	118.781438316	6749.99980563	0.00166053883015	8.83e+03
812000	62565.109375	10093.2358791	119.894894875	6749.99980563	0.00166053883015	8.83e+03
816000	62548.7421875	9991.63236779	118.687973481	6749.99980563	0.00166053883015	8.83e+03
820000	62568.2734375	10118.377305	120.193543262	6749.99980563	0.00166053883015	8.83e+03
824000	62534.203125	10095.2491421	119.918809896	6749.99980563	0.00166053883015	8.83e+03
828000	62542.109375	9885.32376277	117.425161518	6749.99980563	0.00166053883015	8.83e+03
832000	62539.1132812	10121.3663871	120.229049782	6749.99980563	0.00166053883015	8.83e+03
836000	62569.2929688	10061.8426291	119.521982713	6749.99980563	0.00166053883015	8.82e+03
840000	62550.875	10009.970787	118.905810741	6749.99980563	0.00166053883015	8.82e+03
844000	62491.6601562	10280.3972695	122.118135814	6749.99980563	0.00166053883015	8.82e+03
848000	62571.6640625	10073.2794208	119.657837354	6749.99980563	0.00166053883015	8.82e+03
852000	62540.0390625	10032.0682747	119.168300987	6749.99980563	0.00166053883015	8.82e+03
856000	62508.0742188	10056.4074793	119.457419997	6749.99980563	0.00166053883015	8.82e+03
860000	62534.4296875	10176.2579668	120.881092423	6749.99980563	0.00166053883015	8.82e+03
864000	62511.4492188	10076.4422055	119.695407242	6749.99980563	0.00166053883015	8.82e+03
868000	62548.921875	10220.7691522	121.40982909	6749.99980563	0.00166053883015	8.82e+03
872000	62528.40625	10068.2548541	119.598151848	6749.99980563	0.00166053883015	8.82e+03
876000	62553.90625	10266.700105	121.9554308	6749.99980563	0.00166053883015	8.82e+03
880000	62528.6640625	10094.1491311	119.905743155	6749.99980563	0.00166053883015	8.82e+03
884000	62522.8125	10016.7238136	118.986028168	6749.99980563	0.00166053883015	8.82e+03
888000	62506.9609375	10007.5810637	118.877423846	6749.99980563	0.00166053883015	8.82e+03
892000	62539.734375	10042.0239062	119.286561315	6749.99980563	0.00166053883015	8.82e+03
896000	62525.203125	10220.3807565	121.405215439	6749.99980563	0.00166053883015	8.82e+03
900000	62567.4453125	10268.8166737	121.980572963	6749.99980563	0.00166053883015	8.82e+03
904000	62583.6875	10027.3959056	119.112799142	6749.99980563	0.00166053883015	8.82e+03
908000	62546.984375	9966.75564063	118.392469381	6749.99980563	0.00166053883015	8.83e+03
912000	62562.5703125	10072.6265905	119.650082555	6749.99980563	0.00166053883015	8.83e+03
916000	62519.515625	10115.0374104	120.153869532	6749.99980563	0.00166053883015	8.83e+03
920000	62547.34375	10213.7674488	121.326657695	6749.99980563	0.00166053883015	8.83e+03
924000	62537.3828125	10072.960419	119.654048016	6749.99980563	0.00166053883015	8.83e+03
928000	62548.8359375	10057.3347056	119.468434275	6749.99980563	0.00166053883015	8.83e+03
932000	62523.8046875	10272.7825153	122.027682152	6749.99980563	0.00166053883015	8.83e+03
936000	62513.7617188	10131.8349363	120.353402925	6749.99980563	0.00166053883015	8.83e+03
940000	62593.3671875	10220.9754468	121.412279608	6749.99980563	0.00166053883015	8.83e+03
944000	62570.4453125	10309.8997601	122.468588143	6749.99980563	0.00166053883015	8.83e+03
948000	62524.7421875	9973.51979606	118.472819005	6749.99980563	0.00166053883015	8.83e+03
952000	62532.4335938	10358.0317214	123.040335054	6749.99980563	0.00166053883015	8.83e+03
956000	62502.375	10063.584402	119.542672775	6749.99980563	0.00166053883015	8.83e+03
960000	62544.34375	10118.5338178	120.195402436	6749.99980563	0.00166053883015	8.83e+03
964000	62553.9609375	10251.4140029	121.773851212	6749.99980563	0.00166053883015	8.83e+03
968000	62564.609375	10278.6998858	122.097973041	6749.99980563	0.00166053883015	8.83e+03
972000	62505.1953125	9955.71140723	118.261277837	6749.99980563	0.00166053883015	8.83e+03
976000	62524.3125	10198.1080793	121.140644163	6749.99980563	0.00166053883015	8.83e+03
980000	62569.3359375	10271.0779657	122.007434256	6749.99980563	0.00166053883015	8.83e+03
984000	62544.8789062	10147.5296814	120.539836675	6749.99980563	0.00166053883015	8.83e+03
988000	62547.7421875	10014.7248787	118.962283346	6749.99980563	0.00166053883015	8.83e+03
992000	62534.28125	9940.4658406	118.08017976	6749.99980563	0.00166053883015	8.83e+03
996000	62543.578125	10131.0667447	120.344277779	6749.99980563	0.00166053883015	8.83e+03
1000000	62549.421875	10394.6435239	123.475237028	6749.99980563	0.00166053883015	8.83e+03
1004000	62515.2304688	9944.17766119	118.124271501	6749.99980563	0.00166053883015	8.83e+03
1008000	62525.34375	10008.0137633	118.882563772	6749.99980563	0.00166053883015	8.83e+03
1012000	62531.6640625	10234.6630913	121.574871538	6749.99980563	0.00166053883015	8.83e+03
1016000	62557.4960938	10036.3768095	119.219480938	6749.99980563	0.00166053883015	8.83e+03
1020000	62522.953125	10221.7052932	121.420949262	6749.99980563	0.00166053883015	8.83e+03
1024000	62580.6875	10047.1801867	119.347811415	6749.99980563	0.00166053883015	8.83e+03
1028000	62543.5078125	10156.3192494	120.644245642	6749.99980563	0.00166053883015	8.83e+03
1032000	62565.4296875	10172.6761884	120.83854542	6749.99980563	0.00166053883015	8.83e+03
1036000	62538.3828125	9980.07359921	118.550669909	6749.99980563	0.00166053883015	8.83e+03
1040000	62528.7265625	10043.9935562	119.309958269	6749.99980563	0.00166053883015	8.83e+03
1044000	62535.890625	10202.9538658	121.198205987	6749.99980563	0.00166053883015	8.83e+03
1048000	62550.5351562	10150.2874942	120.572596008	6749.99980563	0.00166053883015	8.83e+03
1052000	62566.5546875	10105.7094159	120.043064738	6749.99980563	0.00166053883015	8.83e+03
1056000	62504.203125	10144.3651412	120.502245934	6749.99980563	0.00166053883015	8.83e+03
1060000	62546.1953125	10120.1151757	120.214186971	6749.99980563	0.00166053883015	8.83e+03
1064000	62552.6875	10187.0655617	121.009473001	6749.99980563	0.00166053883015	8.83e+03
1068000	62472.421875	10232.5853515	121.550190614	6749.99980563	0.00166053883015	8.83e+03
1072000	62522.9375	10132.4694026	120.360939583	6749.99980563	0.00166053883015	8.83e+03
1076000	62576.265625	10153.2327147	120.607581508	6749.99980563	0.00166053883015	8.83e+03
1080000	62548.15625	10281.2986772	122.1288434	6749.99980563	0.00166053883015	8.83e+03
1084000	62538.734375	10006.3047073	118.862262344	6749.99980563	0.00166053883015	8.83e+03
1088000	62551.0	10373.6294611	123.225616502	6749.99980563	0.00166053883015	8.83e+03
1092000	62577.6914062	10388.5444414	123.402787631	6749.99980563	0.00166053883015	8.83e+03
1096000	62572.8984375	10212.4371114	121.310854968	6749.99980563	0.00166053883015	8.83e+03
1100000	62556.015625	10140.2876029	120.453809929	6749.99980563	0.00166053883015	8.83e+03
