
========TARGET AND MODEL ARGUMENT HISTOGRAMS========
POTENTIAL LJGaussAA

arg         target      model       
4.5577e-02  2.1556e+00  2.5483e+01  
1.0542e-01  1.1948e+01  1.0686e+02  
1.6526e-01  2.9736e+01  2.7957e+02  
2.2511e-01  6.3173e+01  5.0935e+02  
2.8495e-01  1.1950e+02  8.1431e+02  
3.4479e-01  2.1387e+02  1.1975e+03  
4.0464e-01  3.6747e+02  1.6355e+03  
4.6448e-01  5.9365e+02  2.1880e+03  
5.2433e-01  9.5461e+02  2.7541e+03  
5.8417e-01  1.4541e+03  3.4638e+03  
6.4401e-01  2.1678e+03  4.2002e+03  
7.0386e-01  3.1174e+03  5.0511e+03  
7.6370e-01  4.3023e+03  5.9572e+03  
8.2354e-01  5.7403e+03  6.9667e+03  
8.8339e-01  7.3880e+03  8.0325e+03  
9.4323e-01  9.1843e+03  9.1619e+03  
1.0031e+00  1.1041e+04  1.0421e+04  
1.0629e+00  1.2962e+04  1.1698e+04  
1.1228e+00  1.4860e+04  1.3136e+04  
1.1826e+00  1.6650e+04  1.4600e+04  
1.2424e+00  1.8367e+04  1.6162e+04  
1.3023e+00  2.0019e+04  1.7784e+04  
1.3621e+00  2.1643e+04  1.9561e+04  
1.4220e+00  2.3233e+04  2.1360e+04  
1.4818e+00  2.4834e+04  2.3259e+04  
1.5417e+00  2.6509e+04  2.5330e+04  
1.6015e+00  2.8269e+04  2.7421e+04  
1.6614e+00  3.0144e+04  2.9561e+04  
1.7212e+00  3.2116e+04  3.1865e+04  
1.7810e+00  3.4194e+04  3.4134e+04  
1.8409e+00  3.6488e+04  3.6630e+04  
1.9007e+00  3.8922e+04  3.9098e+04  
1.9606e+00  4.1437e+04  4.1687e+04  
2.0204e+00  4.4152e+04  4.4379e+04  
2.0803e+00  4.6912e+04  4.7117e+04  
2.1401e+00  4.9775e+04  5.0055e+04  
2.1999e+00  5.2819e+04  5.2994e+04  
2.2598e+00  5.5795e+04  5.5911e+04  
2.3196e+00  5.8926e+04  5.8850e+04  
2.3795e+00  6.2160e+04  6.2105e+04  
2.4393e+00  6.5296e+04  6.5430e+04  
2.4992e+00  6.8542e+04  6.8632e+04  
2.5590e+00  7.1886e+04  7.1964e+04  
2.6188e+00  7.5259e+04  7.5440e+04  
2.6787e+00  7.8718e+04  7.9069e+04  
2.7385e+00  8.2201e+04  8.2549e+04  
2.7984e+00  8.5716e+04  8.6108e+04  
2.8582e+00  8.9398e+04  9.0051e+04  
2.9181e+00  9.3072e+04  9.3935e+04  
2.9779e+00  9.6902e+04  9.7675e+04  
3.0378e+00  1.0085e+05  1.0148e+05  
3.0976e+00  1.0480e+05  1.0560e+05  
3.1574e+00  1.0886e+05  1.0989e+05  
3.2173e+00  1.1305e+05  1.1393e+05  
3.2771e+00  1.1726e+05  1.1807e+05  
3.3370e+00  1.2161e+05  1.2229e+05  
3.3968e+00  1.2594e+05  1.2678e+05  
3.4567e+00  1.3052e+05  1.3137e+05  
3.5165e+00  1.3507e+05  1.3578e+05  
3.5763e+00  1.3973e+05  1.4049e+05  
3.6362e+00  1.4441e+05  1.4514e+05  
3.6960e+00  1.4921e+05  1.4993e+05  
3.7559e+00  1.5409e+05  1.5483e+05  
3.8157e+00  1.5901e+05  1.5974e+05  
3.8756e+00  1.6397e+05  1.6462e+05  
3.9354e+00  1.6905e+05  1.6962e+05  
3.9952e+00  1.7425e+05  1.7488e+05  
4.0551e+00  1.7946e+05  1.8005e+05  
4.1149e+00  1.8475e+05  1.8543e+05  
4.1748e+00  1.9023e+05  1.9071e+05  
4.2346e+00  1.9561e+05  1.9616e+05  
4.2945e+00  2.0119e+05  2.0208e+05  
4.3543e+00  2.0680e+05  2.0755e+05  
4.4142e+00  2.1247e+05  2.1306e+05  
4.4740e+00  2.1830e+05  2.1887e+05  
4.5338e+00  2.2411e+05  2.2485e+05  
4.5937e+00  2.3003e+05  2.3063e+05  
4.6535e+00  2.3605e+05  2.3655e+05  
4.7134e+00  2.4216e+05  2.4279e+05  
4.7732e+00  2.4836e+05  2.4892e+05  
4.8331e+00  2.5452e+05  2.5514e+05  
4.8929e+00  2.6085e+05  2.6133e+05  
4.9527e+00  2.6728e+05  2.6786e+05  
5.0126e+00  2.7377e+05  2.7440e+05  
5.0724e+00  2.8025e+05  2.8101e+05  
5.1323e+00  2.8694e+05  2.8790e+05  
5.1921e+00  2.9354e+05  2.9460e+05  
5.2520e+00  3.0033e+05  3.0117e+05  
5.3118e+00  3.0717e+05  3.0799e+05  
5.3716e+00  3.1403e+05  3.1511e+05  
5.4315e+00  3.2100e+05  3.2193e+05  
5.4913e+00  3.2810e+05  3.2916e+05  
5.5512e+00  3.3528e+05  3.3628e+05  
5.6110e+00  3.4255e+05  3.4331e+05  
5.6709e+00  3.4980e+05  3.5098e+05  
5.7307e+00  3.5721e+05  3.5803e+05  
5.7906e+00  3.6460e+05  3.6579e+05  
5.8504e+00  3.7214e+05  3.7342e+05  
5.9102e+00  3.7969e+05  3.8099e+05  
5.9701e+00  3.8736e+05  3.8850e+05  

POTENTIAL LJGaussBB

arg         target      model       
3.8647e-02  1.6691e+00  1.8209e+01  
9.8561e-02  9.7141e+00  1.0099e+02  
1.5847e-01  2.6113e+01  2.4793e+02  
2.1839e-01  5.8134e+01  4.7783e+02  
2.7830e-01  1.0968e+02  7.6478e+02  
3.3821e-01  1.9845e+02  1.1315e+03  
3.9813e-01  3.3791e+02  1.5872e+03  
4.5804e-01  5.6195e+02  2.1072e+03  
5.1795e-01  8.9177e+02  2.6903e+03  
5.7787e-01  1.3778e+03  3.3227e+03  
6.3778e-01  2.0632e+03  4.0633e+03  
6.9769e-01  2.9744e+03  4.9075e+03  
7.5761e-01  4.1261e+03  5.7990e+03  
8.1752e-01  5.5473e+03  6.7840e+03  
8.7743e-01  7.1562e+03  7.8504e+03  
9.3734e-01  8.9253e+03  8.9891e+03  
9.9726e-01  1.0824e+04  1.0215e+04  
1.0572e+00  1.2710e+04  1.1519e+04  
1.1171e+00  1.4563e+04  1.2873e+04  
1.1770e+00  1.6386e+04  1.4354e+04  
1.2369e+00  1.8119e+04  1.5844e+04  
1.2968e+00  1.9764e+04  1.7571e+04  
1.3567e+00  2.1373e+04  1.9258e+04  
1.4166e+00  2.2965e+04  2.1168e+04  
1.4766e+00  2.4579e+04  2.3016e+04  
1.5365e+00  2.6211e+04  2.4977e+04  
1.5964e+00  2.7945e+04  2.7043e+04  
1.6563e+00  2.9804e+04  2.9222e+04  
1.7162e+00  3.1732e+04  3.1394e+04  
1.7761e+00  3.3880e+04  3.3720e+04  
1.8360e+00  3.6089e+04  3.6131e+04  
1.8960e+00  3.8515e+04  3.8778e+04  
1.9559e+00  4.1002e+04  4.1184e+04  
2.0158e+00  4.3670e+04  4.3944e+04  
2.0757e+00  4.6467e+04  4.6647e+04  
2.1356e+00  4.9302e+04  4.9515e+04  
2.1955e+00  5.2265e+04  5.2378e+04  
2.2554e+00  5.5263e+04  5.5383e+04  
2.3153e+00  5.8385e+04  5.8370e+04  
2.3753e+00  6.1488e+04  6.1483e+04  
2.4352e+00  6.4708e+04  6.4674e+04  
2.4951e+00  6.7941e+04  6.7885e+04  
2.5550e+00  7.1221e+04  7.1333e+04  
2.6149e+00  7.4625e+04  7.4708e+04  
2.6748e+00  7.8013e+04  7.8189e+04  
2.7347e+00  8.1505e+04  8.1775e+04  
2.7947e+00  8.5132e+04  8.5427e+04  
2.8546e+00  8.8657e+04  8.9206e+04  
2.9145e+00  9.2338e+04  9.2906e+04  
2.9744e+00  9.6180e+04  9.6916e+04  
3.0343e+00  1.0006e+05  1.0077e+05  
3.0942e+00  1.0396e+05  1.0472e+05  
3.1541e+00  1.0802e+05  1.0884e+05  
3.2140e+00  1.1219e+05  1.1294e+05  
3.2740e+00  1.1642e+05  1.1715e+05  
3.3339e+00  1.2067e+05  1.2161e+05  
3.3938e+00  1.2509e+05  1.2598e+05  
3.4537e+00  1.2960e+05  1.3035e+05  
3.5136e+00  1.3418e+05  1.3491e+05  
3.5735e+00  1.3870e+05  1.3933e+05  
3.6334e+00  1.4340e+05  1.4410e+05  
3.6933e+00  1.4818e+05  1.4865e+05  
3.7533e+00  1.5303e+05  1.5370e+05  
3.8132e+00  1.5791e+05  1.5860e+05  
3.8731e+00  1.6293e+05  1.6346e+05  
3.9330e+00  1.6806e+05  1.6852e+05  
3.9929e+00  1.7318e+05  1.7351e+05  
4.0528e+00  1.7839e+05  1.7875e+05  
4.1127e+00  1.8356e+05  1.8398e+05  
4.1727e+00  1.8902e+05  1.8946e+05  
4.2326e+00  1.9442e+05  1.9496e+05  
4.2925e+00  1.9995e+05  2.0051e+05  
4.3524e+00  2.0557e+05  2.0597e+05  
4.4123e+00  2.1127e+05  2.1179e+05  
4.4722e+00  2.1696e+05  2.1741e+05  
4.5321e+00  2.2280e+05  2.2328e+05  
4.5920e+00  2.2879e+05  2.2926e+05  
4.6520e+00  2.3474e+05  2.3513e+05  
4.7119e+00  2.4076e+05  2.4135e+05  
4.7718e+00  2.4692e+05  2.4737e+05  
4.8317e+00  2.5321e+05  2.5370e+05  
4.8916e+00  2.5942e+05  2.5989e+05  
4.9515e+00  2.6578e+05  2.6636e+05  
5.0114e+00  2.7223e+05  2.7278e+05  
5.0714e+00  2.7880e+05  2.7938e+05  
5.1313e+00  2.8544e+05  2.8607e+05  
5.1912e+00  2.9205e+05  2.9279e+05  
5.2511e+00  2.9877e+05  2.9949e+05  
5.3110e+00  3.0567e+05  3.0647e+05  
5.3709e+00  3.1249e+05  3.1333e+05  
5.4308e+00  3.1942e+05  3.2040e+05  
5.4907e+00  3.2650e+05  3.2732e+05  
5.5507e+00  3.3362e+05  3.3466e+05  
5.6106e+00  3.4094e+05  3.4161e+05  
5.6705e+00  3.4816e+05  3.4887e+05  
5.7304e+00  3.5546e+05  3.5627e+05  
5.7903e+00  3.6293e+05  3.6368e+05  
5.8502e+00  3.7043e+05  3.7125e+05  
5.9101e+00  3.7800e+05  3.7860e+05  
5.9700e+00  3.8559e+05  3.8655e+05  

POTENTIAL LJGaussAB

arg         target      model       
4.2038e-02  3.7492e+00  3.7572e+01  
1.0192e-01  2.0090e+01  2.0516e+02  
1.6180e-01  5.3708e+01  4.8759e+02  
2.2167e-01  1.1344e+02  9.1685e+02  
2.8155e-01  2.1707e+02  1.4692e+03  
3.4143e-01  3.8685e+02  2.1683e+03  
4.0131e-01  6.5999e+02  2.9937e+03  
4.6119e-01  1.0918e+03  3.9628e+03  
5.2107e-01  1.7264e+03  5.0611e+03  
5.8095e-01  2.6759e+03  6.3136e+03  
6.4083e-01  3.9834e+03  7.7390e+03  
7.0071e-01  5.7218e+03  9.2524e+03  
7.6059e-01  7.9294e+03  1.1005e+04  
8.2047e-01  1.0603e+04  1.2788e+04  
8.8034e-01  1.3692e+04  1.4775e+04  
9.4022e-01  1.7061e+04  1.6961e+04  
1.0001e+00  2.0605e+04  1.9237e+04  
1.0600e+00  2.4178e+04  2.1617e+04  
1.1199e+00  2.7733e+04  2.4327e+04  
1.1797e+00  3.1142e+04  2.7040e+04  
1.2396e+00  3.4367e+04  2.9932e+04  
1.2995e+00  3.7495e+04  3.3075e+04  
1.3594e+00  4.0515e+04  3.6228e+04  
1.4193e+00  4.3523e+04  3.9668e+04  
1.4791e+00  4.6586e+04  4.3296e+04  
1.5390e+00  4.9703e+04  4.6964e+04  
1.5989e+00  5.2966e+04  5.0832e+04  
1.6588e+00  5.6452e+04  5.4938e+04  
1.7187e+00  6.0179e+04  5.9227e+04  
1.7785e+00  6.4187e+04  6.3532e+04  
1.8384e+00  6.8479e+04  6.8124e+04  
1.8983e+00  7.3016e+04  7.2733e+04  
1.9582e+00  7.7778e+04  7.7612e+04  
2.0180e+00  8.2843e+04  8.2691e+04  
2.0779e+00  8.8136e+04  8.7793e+04  
2.1378e+00  9.3481e+04  9.3096e+04  
2.1977e+00  9.9120e+04  9.8638e+04  
2.2576e+00  1.0482e+05  1.0434e+05  
2.3174e+00  1.1075e+05  1.0995e+05  
2.3773e+00  1.1666e+05  1.1595e+05  
2.4372e+00  1.2276e+05  1.2192e+05  
2.4971e+00  1.2891e+05  1.2821e+05  
2.5570e+00  1.3512e+05  1.3442e+05  
2.6168e+00  1.4151e+05  1.4087e+05  
2.6767e+00  1.4800e+05  1.4746e+05  
2.7366e+00  1.5463e+05  1.5430e+05  
2.7965e+00  1.6132e+05  1.6120e+05  
2.8564e+00  1.6826e+05  1.6824e+05  
2.9162e+00  1.7531e+05  1.7547e+05  
2.9761e+00  1.8251e+05  1.8257e+05  
3.0360e+00  1.8990e+05  1.9021e+05  
3.0959e+00  1.9743e+05  1.9777e+05  
3.1557e+00  2.0505e+05  2.0531e+05  
3.2156e+00  2.1303e+05  2.1310e+05  
3.2755e+00  2.2104e+05  2.2120e+05  
3.3354e+00  2.2925e+05  2.2943e+05  
3.3953e+00  2.3766e+05  2.3759e+05  
3.4551e+00  2.4611e+05  2.4594e+05  
3.5150e+00  2.5489e+05  2.5432e+05  
3.5749e+00  2.6373e+05  2.6324e+05  
3.6348e+00  2.7253e+05  2.7209e+05  
3.6947e+00  2.8168e+05  2.8137e+05  
3.7545e+00  2.9094e+05  2.9023e+05  
3.8144e+00  3.0040e+05  2.9977e+05  
3.8743e+00  3.0987e+05  3.0906e+05  
3.9342e+00  3.1955e+05  3.1851e+05  
3.9941e+00  3.2939e+05  3.2850e+05  
4.0539e+00  3.3934e+05  3.3822e+05  
4.1138e+00  3.4940e+05  3.4809e+05  
4.1737e+00  3.5961e+05  3.5859e+05  
4.2336e+00  3.7005e+05  3.6885e+05  
4.2935e+00  3.8068e+05  3.7933e+05  
4.3533e+00  3.9134e+05  3.9037e+05  
4.4132e+00  4.0232e+05  4.0074e+05  
4.4731e+00  4.1333e+05  4.1177e+05  
4.5330e+00  4.2458e+05  4.2291e+05  
4.5928e+00  4.3593e+05  4.3408e+05  
4.6527e+00  4.4733e+05  4.4585e+05  
4.7126e+00  4.5898e+05  4.5738e+05  
4.7725e+00  4.7083e+05  4.6906e+05  
4.8324e+00  4.8280e+05  4.8109e+05  
4.8922e+00  4.9481e+05  4.9318e+05  
4.9521e+00  5.0710e+05  5.0544e+05  
5.0120e+00  5.1951e+05  5.1785e+05  
5.0719e+00  5.3201e+05  5.3016e+05  
5.1318e+00  5.4479e+05  5.4308e+05  
5.1916e+00  5.5764e+05  5.5576e+05  
5.2515e+00  5.7075e+05  5.6884e+05  
5.3114e+00  5.8392e+05  5.8173e+05  
5.3713e+00  5.9696e+05  5.9520e+05  
5.4312e+00  6.1044e+05  6.0864e+05  
5.4910e+00  6.2418e+05  6.2207e+05  
5.5509e+00  6.3797e+05  6.3586e+05  
5.6108e+00  6.5166e+05  6.4962e+05  
5.6707e+00  6.6602e+05  6.6395e+05  
5.7306e+00  6.8021e+05  6.7827e+05  
5.7904e+00  6.9460e+05  6.9256e+05  
5.8503e+00  7.0908e+05  7.0729e+05  
5.9102e+00  7.2373e+05  7.2163e+05  
5.9701e+00  7.3840e+05  7.3654e+05  

POTENTIAL LJGaussAC

arg         target      model       
1.0000e+00  0.0000e+00  0.0000e+00  
1.0000e+00  0.0000e+00  0.0000e+00  
1.0000e+00  0.0000e+00  0.0000e+00  
1.0000e+00  0.0000e+00  0.0000e+00  
1.0000e+00  0.0000e+00  0.0000e+00  
1.0000e+00  0.0000e+00  0.0000e+00  
1.0000e+00  0.0000e+00  0.0000e+00  
1.0000e+00  0.0000e+00  0.0000e+00  
1.0000e+00  0.0000e+00  0.0000e+00  
1.0000e+00  0.0000e+00  0.0000e+00  
1.0000e+00  0.0000e+00  0.0000e+00  
1.0000e+00  0.0000e+00  0.0000e+00  
1.0000e+00  0.0000e+00  0.0000e+00  
1.0000e+00  0.0000e+00  0.0000e+00  
1.0000e+00  0.0000e+00  0.0000e+00  
1.0000e+00  0.0000e+00  0.0000e+00  
1.0000e+00  0.0000e+00  0.0000e+00  
1.0000e+00  0.0000e+00  0.0000e+00  
1.0000e+00  0.0000e+00  0.0000e+00  
1.0000e+00  0.0000e+00  0.0000e+00  
1.0000e+00  0.0000e+00  0.0000e+00  
1.0000e+00  0.0000e+00  0.0000e+00  
1.0000e+00  0.0000e+00  0.0000e+00  
1.0000e+00  0.0000e+00  0.0000e+00  
1.0000e+00  0.0000e+00  0.0000e+00  
1.0000e+00  0.0000e+00  0.0000e+00  
1.0000e+00  0.0000e+00  0.0000e+00  
1.0000e+00  0.0000e+00  0.0000e+00  
1.0000e+00  0.0000e+00  0.0000e+00  
1.0000e+00  0.0000e+00  0.0000e+00  
1.0000e+00  0.0000e+00  0.0000e+00  
1.0000e+00  0.0000e+00  0.0000e+00  
1.0000e+00  0.0000e+00  0.0000e+00  
1.0000e+00  0.0000e+00  0.0000e+00  
1.0000e+00  0.0000e+00  0.0000e+00  
1.0000e+00  0.0000e+00  0.0000e+00  
1.0000e+00  0.0000e+00  0.0000e+00  
1.0000e+00  0.0000e+00  0.0000e+00  
1.0000e+00  0.0000e+00  0.0000e+00  
1.0000e+00  0.0000e+00  0.0000e+00  
1.0000e+00  0.0000e+00  0.0000e+00  
1.0000e+00  0.0000e+00  0.0000e+00  
1.0000e+00  0.0000e+00  0.0000e+00  
1.0000e+00  0.0000e+00  0.0000e+00  
1.0000e+00  0.0000e+00  0.0000e+00  
1.0000e+00  0.0000e+00  0.0000e+00  
1.0000e+00  0.0000e+00  0.0000e+00  
1.0000e+00  0.0000e+00  0.0000e+00  
1.0000e+00  0.0000e+00  0.0000e+00  
1.0000e+00  0.0000e+00  0.0000e+00  
1.0000e+00  0.0000e+00  0.0000e+00  
1.0000e+00  0.0000e+00  0.0000e+00  
1.0000e+00  0.0000e+00  0.0000e+00  
1.0000e+00  0.0000e+00  0.0000e+00  
1.0000e+00  0.0000e+00  0.0000e+00  
1.0000e+00  0.0000e+00  0.0000e+00  
1.0000e+00  0.0000e+00  0.0000e+00  
1.0000e+00  0.0000e+00  0.0000e+00  
1.0000e+00  0.0000e+00  0.0000e+00  
1.0000e+00  0.0000e+00  0.0000e+00  
1.0000e+00  0.0000e+00  0.0000e+00  
1.0000e+00  0.0000e+00  0.0000e+00  
1.0000e+00  0.0000e+00  0.0000e+00  
1.0000e+00  0.0000e+00  0.0000e+00  
1.0000e+00  0.0000e+00  0.0000e+00  
1.0000e+00  0.0000e+00  0.0000e+00  
1.0000e+00  0.0000e+00  0.0000e+00  
1.0000e+00  0.0000e+00  0.0000e+00  
1.0000e+00  0.0000e+00  0.0000e+00  
1.0000e+00  0.0000e+00  0.0000e+00  
1.0000e+00  0.0000e+00  0.0000e+00  
1.0000e+00  0.0000e+00  0.0000e+00  
1.0000e+00  0.0000e+00  0.0000e+00  
1.0000e+00  0.0000e+00  0.0000e+00  
1.0000e+00  0.0000e+00  0.0000e+00  
1.0000e+00  0.0000e+00  0.0000e+00  
1.0000e+00  0.0000e+00  0.0000e+00  
1.0000e+00  0.0000e+00  0.0000e+00  
1.0000e+00  0.0000e+00  0.0000e+00  
1.0000e+00  0.0000e+00  0.0000e+00  
1.0000e+00  0.0000e+00  0.0000e+00  
1.0000e+00  0.0000e+00  0.0000e+00  
1.0000e+00  0.0000e+00  0.0000e+00  
1.0000e+00  0.0000e+00  0.0000e+00  
1.0000e+00  0.0000e+00  0.0000e+00  
1.0000e+00  0.0000e+00  0.0000e+00  
1.0000e+00  0.0000e+00  0.0000e+00  
1.0000e+00  0.0000e+00  0.0000e+00  
1.0000e+00  0.0000e+00  0.0000e+00  
1.0000e+00  0.0000e+00  0.0000e+00  
1.0000e+00  0.0000e+00  0.0000e+00  
1.0000e+00  0.0000e+00  0.0000e+00  
1.0000e+00  0.0000e+00  0.0000e+00  
1.0000e+00  0.0000e+00  0.0000e+00  
1.0000e+00  0.0000e+00  0.0000e+00  
1.0000e+00  0.0000e+00  0.0000e+00  
1.0000e+00  0.0000e+00  0.0000e+00  
1.0000e+00  0.0000e+00  0.0000e+00  
1.0000e+00  0.0000e+00  0.0000e+00  
1.0000e+00  0.0000e+00  0.0000e+00  

POTENTIAL LJGaussBC

arg         target      model       
1.0000e+00  0.0000e+00  0.0000e+00  
1.0000e+00  0.0000e+00  0.0000e+00  
1.0000e+00  0.0000e+00  0.0000e+00  
1.0000e+00  0.0000e+00  0.0000e+00  
1.0000e+00  0.0000e+00  0.0000e+00  
1.0000e+00  0.0000e+00  0.0000e+00  
1.0000e+00  0.0000e+00  0.0000e+00  
1.0000e+00  0.0000e+00  0.0000e+00  
1.0000e+00  0.0000e+00  0.0000e+00  
1.0000e+00  0.0000e+00  0.0000e+00  
1.0000e+00  0.0000e+00  0.0000e+00  
1.0000e+00  0.0000e+00  0.0000e+00  
1.0000e+00  0.0000e+00  0.0000e+00  
1.0000e+00  0.0000e+00  0.0000e+00  
1.0000e+00  0.0000e+00  0.0000e+00  
1.0000e+00  0.0000e+00  0.0000e+00  
1.0000e+00  0.0000e+00  0.0000e+00  
1.0000e+00  0.0000e+00  0.0000e+00  
1.0000e+00  0.0000e+00  0.0000e+00  
1.0000e+00  0.0000e+00  0.0000e+00  
1.0000e+00  0.0000e+00  0.0000e+00  
1.0000e+00  0.0000e+00  0.0000e+00  
1.0000e+00  0.0000e+00  0.0000e+00  
1.0000e+00  0.0000e+00  0.0000e+00  
1.0000e+00  0.0000e+00  0.0000e+00  
1.0000e+00  0.0000e+00  0.0000e+00  
1.0000e+00  0.0000e+00  0.0000e+00  
1.0000e+00  0.0000e+00  0.0000e+00  
1.0000e+00  0.0000e+00  0.0000e+00  
1.0000e+00  0.0000e+00  0.0000e+00  
1.0000e+00  0.0000e+00  0.0000e+00  
1.0000e+00  0.0000e+00  0.0000e+00  
1.0000e+00  0.0000e+00  0.0000e+00  
1.0000e+00  0.0000e+00  0.0000e+00  
1.0000e+00  0.0000e+00  0.0000e+00  
1.0000e+00  0.0000e+00  0.0000e+00  
1.0000e+00  0.0000e+00  0.0000e+00  
1.0000e+00  0.0000e+00  0.0000e+00  
1.0000e+00  0.0000e+00  0.0000e+00  
1.0000e+00  0.0000e+00  0.0000e+00  
1.0000e+00  0.0000e+00  0.0000e+00  
1.0000e+00  0.0000e+00  0.0000e+00  
1.0000e+00  0.0000e+00  0.0000e+00  
1.0000e+00  0.0000e+00  0.0000e+00  
1.0000e+00  0.0000e+00  0.0000e+00  
1.0000e+00  0.0000e+00  0.0000e+00  
1.0000e+00  0.0000e+00  0.0000e+00  
1.0000e+00  0.0000e+00  0.0000e+00  
1.0000e+00  0.0000e+00  0.0000e+00  
1.0000e+00  0.0000e+00  0.0000e+00  
1.0000e+00  0.0000e+00  0.0000e+00  
1.0000e+00  0.0000e+00  0.0000e+00  
1.0000e+00  0.0000e+00  0.0000e+00  
1.0000e+00  0.0000e+00  0.0000e+00  
1.0000e+00  0.0000e+00  0.0000e+00  
1.0000e+00  0.0000e+00  0.0000e+00  
1.0000e+00  0.0000e+00  0.0000e+00  
1.0000e+00  0.0000e+00  0.0000e+00  
1.0000e+00  0.0000e+00  0.0000e+00  
1.0000e+00  0.0000e+00  0.0000e+00  
1.0000e+00  0.0000e+00  0.0000e+00  
1.0000e+00  0.0000e+00  0.0000e+00  
1.0000e+00  0.0000e+00  0.0000e+00  
1.0000e+00  0.0000e+00  0.0000e+00  
1.0000e+00  0.0000e+00  0.0000e+00  
1.0000e+00  0.0000e+00  0.0000e+00  
1.0000e+00  0.0000e+00  0.0000e+00  
1.0000e+00  0.0000e+00  0.0000e+00  
1.0000e+00  0.0000e+00  0.0000e+00  
1.0000e+00  0.0000e+00  0.0000e+00  
1.0000e+00  0.0000e+00  0.0000e+00  
1.0000e+00  0.0000e+00  0.0000e+00  
1.0000e+00  0.0000e+00  0.0000e+00  
1.0000e+00  0.0000e+00  0.0000e+00  
1.0000e+00  0.0000e+00  0.0000e+00  
1.0000e+00  0.0000e+00  0.0000e+00  
1.0000e+00  0.0000e+00  0.0000e+00  
1.0000e+00  0.0000e+00  0.0000e+00  
1.0000e+00  0.0000e+00  0.0000e+00  
1.0000e+00  0.0000e+00  0.0000e+00  
1.0000e+00  0.0000e+00  0.0000e+00  
1.0000e+00  0.0000e+00  0.0000e+00  
1.0000e+00  0.0000e+00  0.0000e+00  
1.0000e+00  0.0000e+00  0.0000e+00  
1.0000e+00  0.0000e+00  0.0000e+00  
1.0000e+00  0.0000e+00  0.0000e+00  
1.0000e+00  0.0000e+00  0.0000e+00  
1.0000e+00  0.0000e+00  0.0000e+00  
1.0000e+00  0.0000e+00  0.0000e+00  
1.0000e+00  0.0000e+00  0.0000e+00  
1.0000e+00  0.0000e+00  0.0000e+00  
1.0000e+00  0.0000e+00  0.0000e+00  
1.0000e+00  0.0000e+00  0.0000e+00  
1.0000e+00  0.0000e+00  0.0000e+00  
1.0000e+00  0.0000e+00  0.0000e+00  
1.0000e+00  0.0000e+00  0.0000e+00  
1.0000e+00  0.0000e+00  0.0000e+00  
1.0000e+00  0.0000e+00  0.0000e+00  
1.0000e+00  0.0000e+00  0.0000e+00  
1.0000e+00  0.0000e+00  0.0000e+00  

POTENTIAL ExtSin

arg         target      model       
-1.4850e+01 1.1281e+02  1.1199e+02  
-1.4550e+01 1.1498e+02  1.1510e+02  
-1.4250e+01 1.1617e+02  1.1812e+02  
-1.3950e+01 1.1922e+02  1.1817e+02  
-1.3650e+01 1.2050e+02  1.2065e+02  
-1.3350e+01 1.2319e+02  1.2369e+02  
-1.3050e+01 1.2406e+02  1.2578e+02  
-1.2750e+01 1.2557e+02  1.2638e+02  
-1.2450e+01 1.2632e+02  1.2879e+02  
-1.2150e+01 1.2895e+02  1.2660e+02  
-1.1850e+01 1.3105e+02  1.2928e+02  
-1.1550e+01 1.3231e+02  1.3559e+02  
-1.1250e+01 1.3300e+02  1.3561e+02  
-1.0950e+01 1.3447e+02  1.3459e+02  
-1.0650e+01 1.3523e+02  1.3783e+02  
-1.0350e+01 1.3723e+02  1.3737e+02  
-1.0050e+01 1.3744e+02  1.3777e+02  
-9.7500e+00 1.3881e+02  1.3907e+02  
-9.4500e+00 1.3862e+02  1.4263e+02  
-9.1500e+00 1.3971e+02  1.4048e+02  
-8.8500e+00 1.4113e+02  1.4154e+02  
-8.5500e+00 1.4082e+02  1.4275e+02  
-8.2500e+00 1.4158e+02  1.4392e+02  
-7.9500e+00 1.4187e+02  1.4229e+02  
-7.6500e+00 1.4179e+02  1.4319e+02  
-7.3500e+00 1.4156e+02  1.4282e+02  
-7.0500e+00 1.4203e+02  1.4504e+02  
-6.7500e+00 1.4067e+02  1.4226e+02  
-6.4500e+00 1.4121e+02  1.4205e+02  
-6.1500e+00 1.4042e+02  1.4098e+02  
-5.8500e+00 1.4017e+02  1.4321e+02  
-5.5500e+00 1.3978e+02  1.4130e+02  
-5.2500e+00 1.3798e+02  1.4013e+02  
-4.9500e+00 1.3768e+02  1.3859e+02  
-4.6500e+00 1.3628e+02  1.4043e+02  
-4.3500e+00 1.3514e+02  1.3767e+02  
-4.0500e+00 1.3421e+02  1.3432e+02  
-3.7500e+00 1.3230e+02  1.3451e+02  
-3.4500e+00 1.3233e+02  1.3483e+02  
-3.1500e+00 1.3035e+02  1.3086e+02  
-2.8500e+00 1.2853e+02  1.3094e+02  
-2.5500e+00 1.2763e+02  1.2850e+02  
-2.2500e+00 1.2610e+02  1.2626e+02  
-1.9500e+00 1.2405e+02  1.2434e+02  
-1.6500e+00 1.2201e+02  1.2380e+02  
-1.3500e+00 1.2028e+02  1.2144e+02  
-1.0500e+00 1.1848e+02  1.1891e+02  
-7.5000e-01 1.1604e+02  1.1677e+02  
-4.5000e-01 1.1505e+02  1.1560e+02  
-1.5000e-01 1.1326e+02  1.1510e+02  
1.5000e-01  1.1088e+02  1.0988e+02  
4.5000e-01  1.0963e+02  1.0772e+02  
7.5000e-01  1.0782e+02  1.0577e+02  
1.0500e+00  1.0624e+02  1.0491e+02  
1.3500e+00  1.0438e+02  1.0265e+02  
1.6500e+00  1.0227e+02  1.0169e+02  
1.9500e+00  1.0039e+02  1.0021e+02  
2.2500e+00  9.8488e+01  1.0016e+02  
2.5500e+00  9.7517e+01  9.4335e+01  
2.8500e+00  9.6002e+01  9.4791e+01  
3.1500e+00  9.4842e+01  9.2921e+01  
3.4500e+00  9.3180e+01  9.3169e+01  
3.7500e+00  9.1072e+01  9.0450e+01  
4.0500e+00  9.0575e+01  8.9923e+01  
4.3500e+00  8.9882e+01  8.7793e+01  
4.6500e+00  8.8863e+01  8.7981e+01  
4.9500e+00  8.7265e+01  8.5812e+01  
5.2500e+00  8.7122e+01  8.5446e+01  
5.5500e+00  8.5862e+01  8.4032e+01  
5.8500e+00  8.5025e+01  8.4050e+01  
6.1500e+00  8.4995e+01  8.3219e+01  
6.4500e+00  8.3827e+01  8.1975e+01  
6.7500e+00  8.4448e+01  8.2431e+01  
7.0500e+00  8.3948e+01  8.4033e+01  
7.3500e+00  8.4338e+01  8.3025e+01  
7.6500e+00  8.3945e+01  8.1829e+01  
7.9500e+00  8.3837e+01  8.1589e+01  
8.2500e+00  8.3777e+01  8.2418e+01  
8.5500e+00  8.5143e+01  8.2661e+01  
8.8500e+00  8.5152e+01  8.3021e+01  
9.1500e+00  8.5007e+01  8.4153e+01  
9.4500e+00  8.6268e+01  8.6098e+01  
9.7500e+00  8.6703e+01  8.5587e+01  
1.0050e+01  8.7730e+01  8.6182e+01  
1.0350e+01  8.8635e+01  8.7660e+01  
1.0650e+01  8.9613e+01  8.7765e+01  
1.0950e+01  9.1003e+01  8.9566e+01  
1.1250e+01  9.1947e+01  9.1877e+01  
1.1550e+01  9.3657e+01  9.3639e+01  
1.1850e+01  9.4983e+01  9.3508e+01  
1.2150e+01  9.5748e+01  9.3988e+01  
1.2450e+01  9.7413e+01  9.7881e+01  
1.2750e+01  9.8343e+01  9.7221e+01  
1.3050e+01  1.0064e+02  1.0043e+02  
1.3350e+01  1.0224e+02  1.0234e+02  
1.3650e+01  1.0461e+02  1.0309e+02  
1.3950e+01  1.0565e+02  1.0523e+02  
1.4250e+01  1.0757e+02  1.0673e+02  
1.4550e+01  1.0954e+02  1.0799e+02  
1.4850e+01  1.1167e+02  1.0933e+02  
